380,678,378,248,39,7.450,4,851,490,349,608,67,560,5,2015-6-9 00:00:00,768,40
775,829,223,198,279,6.270,19,89,438,895,512,66,726,8,2015-5-22 00:00:00,767,829
12,855,339,209,516,10.060,10,47,13,722,881,35,539,1,2015-6-17 00:00:00,827,677
19,218,694,313,977,8.330,9,251,887,349,690,33,277,8,2015-2-10 00:00:00,208,787
986,708,920,67,461,2.590,2,121,453,857,721,69,645,7,2015-3-10 00:00:00,996,487
95,307,44,114,88,10.010,4,390,220,413,179,14,913,5,2015-1-11 00:00:00,973,989
929,60,293,592,688,17.060,4,248,785,854,169,17,522,8,2015-3-29 00:00:00,350,339
890,908,70,970,801,4.180,16,319,932,391,734,22,127,5,2015-1-28 00:00:00,434,512
883,623,852,309,407,2.420,1,332,678,845,178,60,191,4,2015-3-15 00:00:00,149,654
606,244,65,794,55,10.260,6,95,116,223,447,86,993,6,2015-5-24 00:00:00,808,390
784,81,433,307,664,12.830,2,17,861,433,386,69,744,3,2015-5-7 00:00:00,938,240
211,109,356,796,661,5.070,10,353,593,919,895,55,862,2,2015-6-8 00:00:00,766,179
823,580,832,645,347,15.760,2,61,209,339,561,54,219,8,2015-1-23 00:00:00,704,71
153,913,711,233,967,2.560,15,686,764,996,596,30,842,9,2015-2-9 00:00:00,503,718
142,846,54,222,684,17.280,18,624,710,136,992,59,685,9,2015-2-1 00:00:00,881,812
341,889,49,385,940,11.340,11,365,249,679,804,40,661,7,2015-1-14 00:00:00,571,605
961,442,931,966,489,7.980,5,292,298,344,683,45,264,4,2015-5-4 00:00:00,737,599
613,897,563,722,811,6.680,4,553,327,993,717,52,570,3,2015-1-14 00:00:00,882,631
99,64,857,750,188,7.230,19,68,261,720,78,24,20,5,2015-6-16 00:00:00,354,778
490,861,301,814,102,13.590,10,27,399,458,454,23,491,3,2015-8-1 00:00:00,734,257
265,535,447,836,79,3.210,4,869,109,729,635,46,303,8,2015-7-17 00:00:00,912,877
343,870,762,653,150,5.550,8,802,945,309,423,90,559,3,2015-1-8 00:00:00,676,855
433,308,214,781,583,1.830,18,515,624,452,296,76,345,1,2015-6-14 00:00:00,226,651
191,686,246,337,73,19.440,16,734,687,983,771,27,177,5,2015-2-9 00:00:00,825,127
862,416,366,196,454,7.300,18,779,690,665,166,57,968,7,2015-8-4 00:00:00,862,436
479,141,882,431,226,1.380,19,727,672,928,816,78,302,6,2015-7-24 00:00:00,454,156
42,404,401,548,56,7.490,15,723,221,690,922,39,329,4,2015-5-25 00:00:00,640,413
449,215,932,228,723,17.160,17,796,260,466,228,66,454,2,2015-7-26 00:00:00,775,516
340,647,621,264,26,19.280,20,71,978,636,661,98,738,2,2015-2-12 00:00:00,414,330
14,773,237,648,967,5.100,3,225,692,877,294,63,611,4,2015-1-17 00:00:00,160,641
225,745,120,358,201,1.860,18,132,798,457,774,72,947,7,2015-7-24 00:00:00,948,608
715,538,299,782,927,1.860,2,890,703,76,557,40,823,7,2015-4-14 00:00:00,135,74
926,951,294,567,902,19.790,15,970,401,642,963,97,254,5,2015-3-24 00:00:00,404,721
866,295,616,639,793,13.190,9,946,928,542,56,22,916,1,2015-4-16 00:00:00,159,761
596,597,971,906,754,3.890,13,204,665,303,540,37,473,6,2015-6-1 00:00:00,200,755
714,759,611,897,871,13.870,12,745,824,584,556,35,877,3,2015-7-1 00:00:00,672,753
363,627,170,788,220,2.280,17,915,792,995,75,47,996,9,2015-7-19 00:00:00,483,194
683,79,670,236,107,1.060,9,695,28,643,418,21,648,4,2015-7-26 00:00:00,502,166
303,835,853,500,40,7.400,5,833,52,883,107,41,421,2,2015-1-13 00:00:00,280,708
158,676,838,761,862,17.280,15,78,296,91,188,26,122,9,2015-5-15 00:00:00,416,660
893,378,955,607,781,4.240,15,443,778,752,739,19,502,7,2015-7-5 00:00:00,639,739
85,299,819,497,886,3.220,18,222,517,84,770,92,773,7,2015-1-12 00:00:00,753,823
157,957,67,705,197,19.170,7,627,119,830,485,68,288,7,2015-5-11 00:00:00,917,209
633,940,261,59,593,2.810,3,632,407,1000,441,65,250,8,2015-2-26 00:00:00,543,760
44,834,403,461,316,15.300,19,500,580,895,45,32,541,6,2015-3-30 00:00:00,323,843
818,708,175,767,506,7.190,7,982,430,481,956,33,290,6,2015-3-5 00:00:00,845,150
926,748,95,208,502,17.310,5,363,509,503,86,98,731,5,2015-7-25 00:00:00,893,244
846,864,831,754,647,18.230,19,324,68,318,725,64,766,2,2015-6-11 00:00:00,384,613
659,490,358,248,1000,8.520,8,119,880,910,109,53,559,9,2015-5-23 00:00:00,997,659
243,37,413,30,880,12.040,10,378,866,979,619,81,371,5,2015-6-20 00:00:00,418,32
621,756,985,292,800,14.850,16,12,834,390,859,86,489,6,2015-8-3 00:00:00,813,815
590,236,79,935,70,4.960,18,235,525,918,504,32,940,7,2015-4-26 00:00:00,926,652
419,273,305,125,630,12.620,16,892,747,228,455,34,536,2,2015-2-2 00:00:00,532,806
438,164,239,937,653,6.470,15,518,426,182,451,23,55,9,2015-1-10 00:00:00,685,170
690,830,322,903,485,18.570,19,590,181,605,673,55,211,9,2015-7-5 00:00:00,668,539
251,730,75,736,460,11.350,2,688,266,324,744,94,130,3,2015-4-30 00:00:00,710,143
592,49,184,741,822,14.140,17,865,839,635,976,22,699,1,2015-6-8 00:00:00,388,659
888,801,829,23,293,10.360,7,388,784,422,820,17,723,5,2015-7-29 00:00:00,50,193
435,207,892,313,790,9.320,14,45,566,628,347,14,361,5,2015-5-17 00:00:00,636,257
709,917,981,735,821,6.190,17,950,784,876,140,28,349,4,2015-2-21 00:00:00,180,82
43,139,136,926,710,16.530,20,839,825,358,206,80,709,6,2015-7-12 00:00:00,861,128
325,376,117,183,619,17.220,7,518,886,885,558,13,569,7,2015-1-14 00:00:00,659,169
406,754,88,971,949,2.320,17,268,404,627,793,51,246,3,2015-5-5 00:00:00,216,636
239,191,481,195,297,19.750,6,580,181,71,370,30,233,8,2015-3-27 00:00:00,514,234
227,521,285,427,21,7.270,3,324,740,808,165,65,820,7,2015-1-26 00:00:00,103,422
241,217,944,339,89,1.520,9,466,98,368,331,11,859,8,2015-7-30 00:00:00,991,461
277,202,986,648,528,5.380,5,573,81,242,719,96,438,8,2015-6-29 00:00:00,84,510
845,488,337,482,492,5.140,3,925,61,330,999,78,162,9,2015-7-8 00:00:00,278,759
884,983,829,183,746,2.910,5,106,85,402,266,71,813,9,2015-3-14 00:00:00,256,362
732,691,681,822,474,16.110,12,531,931,802,497,65,324,2,2015-2-9 00:00:00,108,270
702,210,651,217,243,19.250,10,666,487,723,328,31,128,8,2015-3-15 00:00:00,628,469
953,732,31,27,955,14.380,18,595,503,98,462,69,595,1,2015-6-26 00:00:00,483,555
14,287,261,813,884,1.660,19,296,681,234,529,86,469,4,2015-4-6 00:00:00,16,632
557,513,561,895,667,5.170,17,471,354,144,133,25,537,7,2015-3-15 00:00:00,940,578
240,104,998,117,783,12.120,13,381,575,483,362,54,352,6,2015-2-4 00:00:00,835,279
563,974,127,368,506,15.160,2,833,24,724,113,38,73,3,2015-2-10 00:00:00,30,959
98,692,135,734,903,3.010,17,957,260,357,515,35,986,9,2015-1-12 00:00:00,671,456
263,455,847,557,128,15.810,2,458,710,702,973,11,993,1,2015-8-4 00:00:00,117,687
183,572,656,201,853,2.970,3,38,498,193,583,38,813,2,2015-3-3 00:00:00,294,93
541,71,61,842,683,12.080,5,326,874,765,251,34,859,8,2015-4-21 00:00:00,392,462
419,980,974,794,283,9.800,18,621,612,836,998,85,765,2,2015-6-19 00:00:00,510,377
20,68,165,45,352,17.010,17,68,489,772,193,43,533,8,2015-6-26 00:00:00,472,80
332,929,715,631,725,14.480,15,114,767,27,535,77,168,7,2015-1-9 00:00:00,86,90
410,769,895,192,26,13.650,5,418,870,261,639,13,984,8,2015-5-26 00:00:00,829,105
764,606,830,223,535,18.650,12,641,147,796,564,25,826,7,2015-7-27 00:00:00,665,868
302,839,28,414,395,9.670,17,59,209,539,341,86,237,8,2015-4-6 00:00:00,41,274
574,528,186,148,198,9.270,5,20,593,98,746,14,116,9,2015-6-29 00:00:00,510,67
885,569,936,474,748,17.610,5,513,628,650,836,70,50,5,2015-5-30 00:00:00,554,705
346,760,503,383,568,6.470,13,976,577,681,859,55,681,4,2015-7-11 00:00:00,601,33
855,661,176,189,374,4.330,3,631,46,943,373,76,480,7,2015-3-4 00:00:00,945,30
203,887,562,541,32,4.090,12,13,265,187,115,76,157,5,2015-4-7 00:00:00,89,393
854,214,226,246,634,14.930,6,911,181,438,38,24,747,6,2015-8-6 00:00:00,176,156
854,137,527,741,611,5.020,7,410,487,986,578,13,426,3,2015-4-28 00:00:00,351,115
335,553,985,234,929,11.220,7,932,39,446,67,33,680,9,2015-6-19 00:00:00,767,252
289,851,162,120,26,10.920,4,930,570,126,480,68,347,8,2015-5-3 00:00:00,536,783
970,494,561,443,647,14.750,7,738,116,552,325,17,518,8,2015-3-28 00:00:00,424,665
638,746,117,248,294,9.280,16,861,735,389,585,97,386,3,2015-3-29 00:00:00,61,439
964,378,801,254,334,17.000,15,581,905,946,366,80,955,7,2015-7-28 00:00:00,13,243
14,407,82,623,605,10.450,9,35,163,159,377,60,968,6,2015-6-1 00:00:00,199,290
728,476,496,496,772,12.250,17,396,213,402,431,26,115,5,2015-7-1 00:00:00,336,468
886,442,219,707,728,2.040,7,897,263,852,316,28,90,4,2015-1-21 00:00:00,319,607
490,573,274,148,401,18.570,16,480,126,866,952,48,176,7,2015-4-14 00:00:00,731,539
951,560,498,166,808,7.740,16,745,569,962,88,16,98,7,2015-4-17 00:00:00,475,403
650,117,215,386,308,15.530,14,456,888,557,447,18,713,5,2015-6-8 00:00:00,590,802
869,267,115,579,995,12.390,8,234,781,662,221,42,364,8,2015-1-20 00:00:00,135,68
37,141,243,110,885,5.530,14,638,947,488,331,42,828,1,2015-1-19 00:00:00,302,527
77,108,951,873,589,19.820,3,73,50,95,477,80,760,2,2015-3-29 00:00:00,789,725
868,703,857,56,890,19.580,4,594,898,441,255,49,388,2,2015-4-4 00:00:00,373,845
343,92,997,517,298,9.790,20,237,99,776,434,47,903,2,2015-4-28 00:00:00,469,884
204,275,141,933,585,13.230,3,293,64,862,903,15,310,1,2015-8-2 00:00:00,860,979
613,456,372,511,948,17.510,5,134,191,868,810,69,331,6,2015-2-2 00:00:00,152,762
360,669,644,50,114,13.610,14,370,843,577,812,22,305,6,2015-2-15 00:00:00,184,708
678,148,48,725,899,10.370,6,994,902,146,626,62,54,3,2015-3-21 00:00:00,473,911
408,224,870,38,756,5.930,5,843,635,90,526,51,528,2,2015-2-1 00:00:00,500,102
337,459,475,471,399,7.670,17,117,273,257,950,90,97,5,2015-2-13 00:00:00,117,356
911,125,151,391,957,7.070,13,38,384,413,79,82,364,1,2015-1-13 00:00:00,960,805
225,675,278,234,858,15.710,16,990,115,538,817,14,846,8,2015-4-30 00:00:00,160,111
991,281,561,248,575,2.590,11,865,692,475,306,75,715,9,2015-2-1 00:00:00,346,474
845,226,721,108,647,6.590,15,395,82,935,600,45,691,1,2015-5-18 00:00:00,407,82
726,703,349,517,984,13.290,18,72,855,152,44,84,337,7,2015-6-12 00:00:00,544,493
801,532,462,669,301,16.080,3,582,503,927,88,21,700,2,2015-3-13 00:00:00,605,751
529,480,464,548,318,11.270,4,95,657,818,410,60,359,4,2015-5-5 00:00:00,120,323
352,799,194,479,794,15.920,5,563,237,739,257,17,584,8,2015-4-20 00:00:00,311,28
439,883,487,995,961,17.050,5,280,15,562,890,99,605,8,2015-5-27 00:00:00,369,812
395,870,928,513,368,4.630,8,887,177,871,605,80,822,7,2015-4-12 00:00:00,530,160
137,532,289,344,992,14.320,4,839,326,354,707,58,364,4,2015-5-22 00:00:00,494,827
109,696,64,90,797,9.020,4,173,839,477,633,55,755,9,2015-3-20 00:00:00,494,289
57,922,622,640,400,19.420,14,322,253,438,176,42,23,7,2015-1-11 00:00:00,877,911
426,276,926,54,62,8.390,9,435,569,946,211,38,180,6,2015-6-25 00:00:00,625,889
369,704,346,953,419,3.140,16,802,514,341,19,69,553,3,2015-5-25 00:00:00,156,994
104,171,884,813,369,7.340,2,27,847,172,490,13,917,9,2015-8-5 00:00:00,991,635
437,140,237,167,254,5.530,15,92,976,60,533,34,689,9,2015-1-23 00:00:00,469,503
646,733,957,657,888,9.770,19,877,617,705,569,74,431,1,2015-5-22 00:00:00,735,533
451,502,934,440,557,13.320,6,464,956,514,920,52,991,6,2015-2-4 00:00:00,278,668
977,82,705,568,165,7.280,5,724,11,782,485,17,295,8,2015-4-25 00:00:00,988,640
825,130,260,192,546,3.620,19,152,536,760,433,62,350,7,2015-7-5 00:00:00,477,116
962,289,712,401,166,11.620,5,248,484,736,267,75,375,8,2015-3-8 00:00:00,288,147
964,344,360,347,945,11.970,11,12,831,120,393,49,120,3,2015-2-20 00:00:00,538,162
424,152,191,763,868,10.770,3,88,600,258,884,31,122,9,2015-2-5 00:00:00,549,92
892,610,458,475,113,2.650,12,422,781,848,649,27,276,4,2015-1-31 00:00:00,767,496
283,759,918,499,76,7.500,20,685,722,890,363,86,882,2,2015-8-9 00:00:00,630,443
752,152,964,94,854,10.740,7,160,362,516,449,69,675,7,2015-1-10 00:00:00,525,207
608,118,861,39,782,8.490,17,482,833,489,231,72,542,3,2015-3-22 00:00:00,637,932
270,309,326,182,760,18.260,14,592,511,683,369,87,613,8,2015-4-1 00:00:00,141,590
432,731,138,140,336,5.610,12,292,532,587,47,97,159,1,2015-7-25 00:00:00,322,597
125,618,347,270,668,5.610,17,228,307,585,848,83,195,9,2015-1-11 00:00:00,547,435
142,131,176,223,868,12.540,14,901,897,164,479,70,102,1,2015-6-18 00:00:00,722,459
723,677,507,938,442,9.630,17,798,187,227,335,66,567,6,2015-5-18 00:00:00,485,263
120,695,181,733,726,18.710,19,286,826,113,729,47,405,8,2015-4-7 00:00:00,18,428
871,23,377,647,615,17.830,9,221,813,159,780,51,649,5,2015-4-12 00:00:00,252,756
645,769,617,139,376,11.180,13,150,780,514,604,93,773,1,2015-6-29 00:00:00,38,854
831,336,759,76,271,18.240,14,914,142,428,877,92,365,8,2015-5-30 00:00:00,931,97
564,10,663,965,949,9.850,10,781,945,924,333,70,911,7,2015-6-24 00:00:00,92,920
816,959,888,991,503,2.290,7,345,142,849,657,37,378,9,2015-4-26 00:00:00,811,415
474,832,151,128,582,8.210,12,977,936,910,205,92,239,1,2015-8-7 00:00:00,329,154
262,889,445,625,418,10.550,19,722,177,201,841,63,889,7,2015-6-24 00:00:00,843,519
102,249,940,245,128,11.840,8,229,193,854,886,53,257,9,2015-5-15 00:00:00,489,672
200,295,508,382,22,11.650,16,546,932,996,561,41,84,1,2015-4-9 00:00:00,870,709
882,165,41,318,321,8.530,11,995,350,704,271,62,302,9,2015-7-28 00:00:00,192,901
101,651,72,129,644,8.300,18,940,268,459,143,27,870,3,2015-1-28 00:00:00,374,848
224,162,495,615,996,3.500,8,750,671,415,670,83,260,2,2015-3-26 00:00:00,319,90
248,369,520,433,683,2.500,9,645,703,148,236,62,701,1,2015-2-17 00:00:00,148,257
40,790,286,474,976,10.560,6,815,380,876,186,15,673,4,2015-5-19 00:00:00,595,871
818,840,332,982,908,8.730,8,887,371,796,215,58,279,6,2015-7-29 00:00:00,216,82
535,189,617,620,869,6.650,14,149,759,374,117,31,740,3,2015-2-3 00:00:00,258,976
576,326,406,418,161,12.650,7,229,480,424,123,64,433,4,2015-1-16 00:00:00,773,444
671,376,729,141,455,17.500,1,938,24,525,326,54,484,7,2015-2-10 00:00:00,957,784
722,559,771,814,713,14.150,18,937,122,544,32,22,831,2,2015-3-8 00:00:00,914,392
968,607,289,293,702,18.730,8,849,969,216,803,44,506,3,2015-3-24 00:00:00,665,702
838,625,459,917,758,14.030,3,261,815,776,400,18,40,2,2015-4-22 00:00:00,379,128
679,921,449,656,981,11.500,4,590,112,196,300,63,425,6,2015-5-10 00:00:00,222,723
799,274,229,618,847,2.970,11,963,570,213,223,26,572,3,2015-3-25 00:00:00,532,423
632,297,306,689,86,9.470,3,489,848,676,126,89,33,7,2015-7-30 00:00:00,710,271
859,855,279,503,475,11.780,9,726,19,644,668,65,860,9,2015-5-31 00:00:00,58,356
234,621,480,770,584,5.970,7,890,651,932,834,49,845,5,2015-8-9 00:00:00,940,272
657,835,298,47,603,14.090,4,602,495,802,172,21,977,8,2015-6-8 00:00:00,693,17
976,863,698,440,68,9.030,20,73,508,131,509,46,568,4,2015-4-19 00:00:00,536,613
196,167,111,652,721,10.840,13,380,84,226,183,82,475,7,2015-7-8 00:00:00,46,633
484,563,104,135,62,7.090,13,675,363,295,842,74,327,5,2015-6-5 00:00:00,188,240
945,652,357,787,874,6.680,15,521,13,652,568,23,480,3,2015-4-26 00:00:00,554,318
368,219,43,106,403,4.070,15,751,739,301,967,81,349,8,2015-7-1 00:00:00,406,275
176,871,207,817,904,15.750,17,387,494,359,204,26,639,7,2015-6-13 00:00:00,810,64
847,426,111,733,643,9.560,2,71,707,494,531,85,434,9,2015-7-21 00:00:00,532,536
430,396,969,54,567,18.380,13,399,276,865,832,90,228,4,2015-7-16 00:00:00,475,995
137,657,704,363,509,16.070,19,192,287,943,605,56,828,1,2015-7-9 00:00:00,344,19
276,864,830,460,184,19.990,2,468,678,941,565,25,928,6,2015-4-29 00:00:00,454,877
330,816,655,128,253,16.520,11,42,861,699,482,33,902,8,2015-1-26 00:00:00,881,119
891,197,273,542,733,15.990,9,986,827,292,510,31,157,7,2015-7-9 00:00:00,91,937
307,105,739,991,219,10.910,12,313,398,738,656,36,119,4,2015-3-19 00:00:00,407,450
538,333,627,500,924,8.940,6,717,60,847,319,54,211,3,2015-2-12 00:00:00,583,891
182,257,734,506,832,15.080,10,462,506,154,935,71,774,5,2015-5-26 00:00:00,112,332
251,205,667,724,495,17.390,17,33,38,696,452,53,684,7,2015-1-10 00:00:00,973,573
600,356,366,303,788,14.210,5,89,596,131,562,18,705,3,2015-2-28 00:00:00,244,802
27,518,45,614,154,15.940,16,381,485,771,553,62,90,9,2015-4-13 00:00:00,311,247
556,247,764,748,244,15.810,13,333,241,515,731,90,58,5,2015-1-23 00:00:00,712,115
549,296,251,29,956,7.760,9,547,145,183,578,38,458,3,2015-3-26 00:00:00,730,35
538,733,522,730,741,14.740,6,273,124,316,799,88,734,4,2015-1-19 00:00:00,238,664
925,992,588,354,463,14.220,3,472,25,652,545,66,302,3,2015-4-3 00:00:00,579,355
592,301,145,23,840,18.530,1,446,304,586,867,41,636,7,2015-5-8 00:00:00,542,822
36,386,915,314,790,7.580,5,579,602,486,128,74,891,8,2015-3-31 00:00:00,942,656
132,25,786,934,229,18.660,8,88,408,686,349,82,280,4,2015-2-6 00:00:00,55,205
766,672,934,831,124,11.450,12,543,755,678,987,61,983,7,2015-2-27 00:00:00,495,434
880,595,199,994,668,11.040,17,829,710,646,988,81,582,9,2015-5-7 00:00:00,705,185
272,770,756,394,97,19.530,20,881,197,689,453,56,929,7,2015-6-1 00:00:00,925,896
502,776,552,698,160,9.130,3,402,898,67,744,77,793,3,2015-2-24 00:00:00,841,994
193,204,623,405,503,8.600,2,499,302,11,720,93,905,8,2015-3-21 00:00:00,766,310
562,830,547,849,783,12.360,4,160,664,905,468,51,302,8,2015-7-17 00:00:00,320,246
727,455,384,500,986,18.420,11,623,133,18,433,15,852,5,2015-4-3 00:00:00,647,535
488,127,184,523,122,3.090,10,155,568,79,604,99,282,4,2015-5-29 00:00:00,869,57
219,69,682,473,145,14.380,20,126,373,436,274,93,660,4,2015-4-6 00:00:00,579,216
847,879,23,333,156,17.050,3,167,565,951,391,54,295,4,2015-4-8 00:00:00,164,924
880,765,643,515,849,9.000,3,324,242,261,185,42,926,9,2015-6-30 00:00:00,672,481
769,209,101,602,257,7.060,15,397,932,59,714,12,712,8,2015-4-15 00:00:00,361,853
773,29,660,78,940,18.280,13,491,392,423,236,27,526,5,2015-1-24 00:00:00,549,920
330,254,141,525,592,11.090,2,251,430,68,565,50,895,3,2015-7-23 00:00:00,372,740
669,99,669,712,445,12.270,17,271,854,737,148,32,512,9,2015-7-10 00:00:00,996,341
881,85,943,264,443,16.090,14,366,857,109,952,22,495,2,2015-5-7 00:00:00,451,186
152,458,385,631,812,8.050,2,517,751,976,487,25,791,7,2015-1-26 00:00:00,449,545
756,201,358,689,648,19.080,5,495,744,213,700,22,916,6,2015-4-4 00:00:00,169,599
105,358,285,959,319,12.900,18,539,336,957,387,84,335,1,2015-3-24 00:00:00,543,615
339,977,699,138,560,18.080,14,387,434,170,639,46,261,8,2015-4-8 00:00:00,306,229
261,128,625,894,680,1.290,15,487,265,764,398,24,70,6,2015-2-8 00:00:00,669,579
180,464,606,389,120,13.720,10,468,491,959,572,82,818,5,2015-6-8 00:00:00,707,292
411,263,257,177,23,3.150,10,269,877,524,383,79,538,3,2015-2-24 00:00:00,29,705
697,452,836,21,523,7.900,1,985,739,528,395,67,599,9,2015-5-4 00:00:00,941,585
280,13,943,447,14,10.230,9,890,918,584,811,13,308,8,2015-1-9 00:00:00,15,745
885,998,549,847,287,9.130,12,861,18,575,973,64,14,2,2015-1-24 00:00:00,928,622
458,871,635,605,807,16.320,14,79,113,744,667,85,439,9,2015-7-30 00:00:00,508,135
395,497,160,391,746,19.680,13,785,619,909,916,73,954,3,2015-6-8 00:00:00,968,938
190,562,355,152,343,17.670,13,986,718,131,249,94,134,7,2015-7-29 00:00:00,935,10
149,465,681,650,774,17.670,9,482,727,831,695,91,308,6,2015-4-29 00:00:00,640,306
663,310,646,173,237,3.150,11,377,105,635,369,34,812,5,2015-5-9 00:00:00,400,902
355,196,61,844,628,18.950,12,13,201,667,858,58,724,8,2015-3-5 00:00:00,839,499
455,764,784,577,610,17.690,13,580,473,932,449,68,967,6,2015-1-23 00:00:00,730,885
12,492,127,685,450,10.840,18,103,242,319,471,64,872,1,2015-3-27 00:00:00,181,704
287,45,365,513,290,15.640,2,920,584,593,191,38,947,3,2015-7-14 00:00:00,810,302
485,556,142,605,40,16.040,8,254,931,302,794,66,535,2,2015-3-17 00:00:00,282,277
245,198,574,547,729,10.920,16,858,103,842,719,18,309,3,2015-5-21 00:00:00,916,957
943,226,384,455,369,1.050,18,785,276,817,184,96,843,1,2015-5-14 00:00:00,915,255
957,579,763,488,305,12.810,8,933,897,557,230,16,629,9,2015-4-30 00:00:00,506,532
572,933,812,469,50,1.970,4,524,797,45,36,32,233,1,2015-4-5 00:00:00,738,63
545,624,542,866,663,5.130,15,329,695,978,579,42,356,2,2015-1-31 00:00:00,972,285
319,905,942,656,679,13.340,17,735,609,863,188,86,76,3,2015-8-4 00:00:00,795,25
100,922,454,937,177,1.760,17,445,526,388,477,26,141,6,2015-3-14 00:00:00,580,48
511,394,668,216,228,9.250,9,196,81,649,365,97,383,4,2015-7-22 00:00:00,490,463
69,559,242,767,720,4.100,6,157,468,270,160,44,738,6,2015-4-30 00:00:00,810,995
309,651,166,215,851,6.280,7,994,635,388,539,55,542,7,2015-6-17 00:00:00,128,251
32,794,214,670,789,19.760,11,219,839,949,671,27,787,8,2015-6-26 00:00:00,28,364
897,234,593,42,719,17.690,16,256,943,780,520,56,244,5,2015-4-15 00:00:00,879,604
30,412,668,55,664,1.570,15,558,258,957,771,38,1000,6,2015-2-17 00:00:00,266,839
413,584,667,128,901,16.490,15,816,669,16,736,47,588,1,2015-3-25 00:00:00,169,700
548,578,906,648,765,4.310,4,28,828,521,501,83,577,2,2015-1-23 00:00:00,192,632
348,86,867,190,180,17.070,11,404,910,887,309,22,118,7,2015-5-14 00:00:00,797,659
356,83,57,35,961,7.930,3,691,669,130,636,29,74,3,2015-5-22 00:00:00,390,695
701,664,344,595,555,9.140,20,595,490,96,803,79,200,3,2015-7-26 00:00:00,173,732
837,954,145,463,999,13.750,13,161,397,104,999,56,579,4,2015-8-10 00:00:00,806,656
807,452,307,994,786,11.580,19,531,391,682,951,81,39,5,2015-5-28 00:00:00,301,598
904,417,102,690,774,19.580,10,295,807,298,844,36,194,2,2015-5-27 00:00:00,238,188
217,828,685,846,536,10.390,8,23,966,85,117,23,86,9,2015-4-29 00:00:00,37,946
497,675,436,596,943,13.840,18,95,494,670,175,42,479,4,2015-7-17 00:00:00,661,516
701,368,788,443,761,6.930,18,796,950,640,792,65,476,6,2015-6-10 00:00:00,849,622
551,15,822,453,652,10.060,3,93,400,631,658,49,882,8,2015-5-9 00:00:00,197,586
178,543,543,727,86,10.620,6,318,422,690,811,72,899,5,2015-1-25 00:00:00,193,349
898,978,224,144,387,12.600,2,103,369,614,669,34,679,1,2015-2-7 00:00:00,824,431
298,106,59,811,909,6.880,7,891,863,87,219,94,697,2,2015-2-22 00:00:00,993,650
269,202,57,446,427,6.570,19,217,383,152,45,38,586,5,2015-5-23 00:00:00,823,126
658,597,741,579,603,17.710,3,679,960,841,590,10,829,4,2015-1-19 00:00:00,869,401
367,39,825,521,913,19.670,1,151,596,691,889,79,72,8,2015-3-31 00:00:00,127,233
775,65,343,985,112,2.590,8,741,526,753,899,17,378,8,2015-8-4 00:00:00,927,956
583,68,297,236,114,4.320,17,276,57,55,427,99,131,6,2015-2-5 00:00:00,227,496
797,361,844,277,887,12.240,10,913,505,759,70,19,338,5,2015-3-6 00:00:00,123,931
294,25,399,219,465,17.640,20,554,435,974,356,67,607,3,2015-7-31 00:00:00,638,677
903,139,764,744,912,16.690,2,269,453,73,334,71,486,9,2015-8-4 00:00:00,649,778
738,936,150,526,909,17.300,15,666,958,466,816,51,305,3,2015-6-29 00:00:00,978,415
50,409,43,133,148,18.380,11,611,796,808,647,34,68,7,2015-2-19 00:00:00,320,536
36,109,361,749,345,10.600,11,887,324,509,991,27,956,3,2015-5-6 00:00:00,719,135
650,190,921,701,106,7.950,14,812,988,98,738,72,235,4,2015-7-18 00:00:00,392,735
62,941,777,995,790,18.140,8,89,408,597,280,61,331,3,2015-3-24 00:00:00,380,496
272,792,585,596,874,5.160,14,339,377,988,286,45,177,9,2015-4-10 00:00:00,929,222
372,607,606,990,289,14.490,16,127,362,311,105,65,732,8,2015-5-18 00:00:00,884,136
47,341,962,626,162,7.750,16,509,165,424,830,55,688,9,2015-4-30 00:00:00,575,539
615,402,850,122,513,15.170,5,158,926,218,484,51,484,8,2015-1-10 00:00:00,869,526
211,266,617,866,50,3.560,15,507,433,901,126,71,111,7,2015-5-28 00:00:00,200,274
986,291,360,174,166,7.170,19,694,620,208,270,35,316,4,2015-6-27 00:00:00,410,162
684,463,586,478,885,14.980,11,774,16,770,981,99,349,5,2015-2-10 00:00:00,23,66
158,208,460,91,901,4.230,3,67,918,858,55,89,395,8,2015-8-9 00:00:00,510,420
62,622,602,124,443,17.980,19,345,833,346,70,85,926,2,2015-2-16 00:00:00,221,395
270,738,660,315,928,15.790,7,951,382,686,200,31,482,9,2015-7-20 00:00:00,436,745
607,395,609,150,658,11.110,2,342,272,955,283,32,463,6,2015-7-22 00:00:00,506,811
429,763,551,682,423,5.130,9,154,873,485,247,83,332,2,2015-1-20 00:00:00,543,867
340,917,507,400,52,6.040,8,909,159,988,776,39,588,7,2015-7-9 00:00:00,299,558
272,527,848,286,794,10.130,13,59,273,865,358,77,695,8,2015-4-3 00:00:00,862,300
500,934,533,63,320,19.960,1,829,715,502,215,35,247,2,2015-4-23 00:00:00,837,760
154,674,615,111,142,19.820,20,133,174,416,16,21,857,9,2015-5-23 00:00:00,208,424
600,127,126,838,163,4.980,16,329,916,869,749,27,94,8,2015-7-21 00:00:00,370,940
181,470,445,182,481,10.910,8,197,806,644,21,81,626,2,2015-2-18 00:00:00,379,941
198,557,517,793,447,5.460,14,383,554,731,945,94,209,2,2015-4-11 00:00:00,709,152
907,809,833,488,293,18.010,11,597,596,284,53,60,244,6,2015-1-24 00:00:00,412,453
868,373,864,773,189,14.880,13,232,629,40,548,78,921,3,2015-8-5 00:00:00,368,488
120,230,463,414,265,2.980,5,478,606,936,268,42,576,6,2015-5-15 00:00:00,743,703
132,883,992,163,867,4.770,12,804,646,832,199,84,725,6,2015-6-22 00:00:00,567,875
237,685,646,580,797,12.340,14,133,988,978,75,56,940,8,2015-1-23 00:00:00,569,393
200,586,408,467,315,17.820,5,582,101,508,21,79,669,3,2015-7-27 00:00:00,69,318
534,588,311,754,219,4.810,15,507,642,434,587,42,707,8,2015-6-16 00:00:00,510,971
819,199,517,705,415,7.100,16,264,582,150,504,55,975,7,2015-4-16 00:00:00,477,394
170,263,288,206,829,11.040,19,184,502,809,295,35,447,3,2015-4-25 00:00:00,323,468
493,792,112,846,137,1.640,12,726,118,863,370,50,921,8,2015-3-7 00:00:00,636,530
910,460,977,149,678,13.000,8,917,691,134,20,35,349,5,2015-7-1 00:00:00,749,576
378,607,836,408,131,12.080,19,221,133,12,59,67,746,6,2015-3-27 00:00:00,893,71
623,311,815,454,873,14.410,7,171,669,226,362,56,443,6,2015-7-10 00:00:00,71,650
695,524,211,939,108,17.270,6,398,903,392,950,41,358,9,2015-5-17 00:00:00,387,117
238,282,21,12,556,13.460,12,136,303,147,19,95,165,3,2015-7-17 00:00:00,193,344
402,835,206,320,98,17.910,3,847,794,570,446,71,181,1,2015-6-8 00:00:00,400,444
363,281,658,955,269,16.490,10,339,713,871,255,46,646,5,2015-6-12 00:00:00,140,220
612,256,13,952,968,7.830,20,217,627,645,686,82,874,9,2015-3-20 00:00:00,729,645
351,226,812,55,925,4.920,5,230,14,587,263,67,939,2,2015-3-7 00:00:00,254,499
491,536,475,268,265,9.060,4,883,929,196,664,60,901,9,2015-3-11 00:00:00,524,1000
913,182,166,360,910,17.320,9,596,828,33,245,65,221,2,2015-4-2 00:00:00,557,725
506,172,792,938,851,9.080,19,477,529,580,906,27,671,3,2015-2-23 00:00:00,599,688
538,355,827,914,604,1.780,17,371,864,568,716,69,590,6,2015-8-11 00:00:00,33,151
167,82,75,733,960,9.480,2,87,468,62,838,69,66,7,2015-5-31 00:00:00,976,492
576,870,956,480,849,9.500,16,20,862,320,784,25,373,2,2015-4-19 00:00:00,53,553
523,700,510,780,134,19.810,6,487,479,822,699,98,434,3,2015-8-9 00:00:00,702,469
59,971,422,330,777,14.380,7,687,670,359,677,56,78,6,2015-7-28 00:00:00,752,835
448,360,113,730,846,2.640,14,947,391,824,519,60,744,3,2015-7-10 00:00:00,745,310
400,333,349,265,368,8.090,14,956,51,452,414,81,277,7,2015-6-25 00:00:00,24,289
918,633,886,813,693,1.920,16,403,43,110,64,73,51,1,2015-7-11 00:00:00,184,156
237,84,181,477,593,14.090,17,420,456,408,944,91,375,1,2015-3-17 00:00:00,609,862
277,33,992,573,454,2.060,15,162,355,350,928,97,721,5,2015-1-24 00:00:00,250,447
575,265,834,847,249,19.670,15,244,409,396,715,97,827,9,2015-6-2 00:00:00,615,478
586,232,809,441,307,17.130,8,973,122,647,931,30,177,4,2015-7-11 00:00:00,16,875
100,754,636,824,148,10.920,17,530,748,52,68,61,686,9,2015-4-10 00:00:00,531,672
279,961,499,169,257,6.590,4,284,348,753,163,34,949,2,2015-2-26 00:00:00,905,712
248,49,251,99,752,15.380,10,198,88,366,485,80,778,2,2015-1-15 00:00:00,309,80
46,267,860,469,972,3.010,8,233,579,279,985,99,194,6,2015-2-21 00:00:00,79,636
987,366,608,742,350,10.740,17,961,271,231,27,79,447,6,2015-2-22 00:00:00,511,622
17,546,307,374,175,4.170,12,892,954,319,794,23,349,2,2015-6-18 00:00:00,181,614
577,801,456,151,465,7.840,17,519,851,122,472,47,163,8,2015-4-18 00:00:00,748,351
650,915,456,725,103,6.640,2,686,76,96,812,16,253,8,2015-6-2 00:00:00,571,101
167,545,581,158,96,4.880,6,575,674,125,77,17,789,7,2015-5-13 00:00:00,955,88
366,69,269,549,661,8.380,13,697,270,759,265,36,243,2,2015-4-30 00:00:00,248,643
73,103,316,783,232,17.270,9,481,69,274,901,57,915,8,2015-2-7 00:00:00,211,39
473,415,135,497,515,19.010,11,969,374,736,603,73,749,2,2015-4-28 00:00:00,647,65
725,199,884,704,991,10.150,19,965,295,509,447,27,166,6,2015-7-19 00:00:00,668,349
955,817,945,670,940,18.260,18,619,547,739,613,97,742,3,2015-2-20 00:00:00,897,213
474,344,175,601,11,11.860,5,19,779,687,814,76,373,5,2015-5-31 00:00:00,207,888
862,783,195,281,807,10.810,4,304,104,694,631,67,662,5,2015-7-28 00:00:00,546,554
935,93,21,112,434,19.380,7,17,874,641,112,53,132,1,2015-6-25 00:00:00,560,918
341,544,360,113,39,2.560,17,457,364,384,398,67,266,9,2015-1-19 00:00:00,110,816
722,993,914,338,831,18.310,5,125,182,881,276,80,503,2,2015-5-27 00:00:00,758,266
402,609,51,365,15,11.450,4,404,895,796,762,24,806,5,2015-5-30 00:00:00,873,537
65,449,507,658,826,17.250,18,755,38,629,262,54,818,2,2015-4-15 00:00:00,487,533
803,301,29,766,328,8.180,3,26,132,411,252,76,736,4,2015-4-28 00:00:00,326,599
42,91,338,339,618,18.840,17,932,207,516,883,31,97,5,2015-8-6 00:00:00,167,472
680,877,76,422,641,11.210,8,947,333,970,531,63,175,8,2015-1-25 00:00:00,468,113
993,29,118,615,223,5.100,7,32,111,132,972,65,921,3,2015-7-26 00:00:00,528,550
785,721,844,175,935,3.000,6,312,360,117,548,63,925,8,2015-3-7 00:00:00,980,216
383,20,448,498,292,13.700,11,681,765,178,106,85,237,2,2015-8-2 00:00:00,104,554
169,872,418,391,116,16.810,9,696,132,471,853,12,845,3,2015-2-12 00:00:00,123,708
88,833,200,867,473,14.500,16,80,965,464,743,62,166,7,2015-4-9 00:00:00,541,460
978,93,139,443,529,5.490,9,181,303,115,374,11,933,9,2015-4-19 00:00:00,70,579
512,310,953,819,185,18.730,20,982,983,482,669,99,126,4,2015-6-25 00:00:00,534,373
188,431,741,867,319,3.460,4,390,684,227,155,69,140,1,2015-6-10 00:00:00,284,322
110,186,263,682,695,7.320,17,361,502,779,780,57,989,5,2015-7-26 00:00:00,111,562
560,238,955,619,92,19.630,12,540,168,648,723,75,507,1,2015-5-16 00:00:00,799,401
390,964,80,249,543,14.060,15,469,993,627,725,76,452,7,2015-3-18 00:00:00,281,627
993,704,455,98,448,13.050,3,235,224,38,622,91,297,6,2015-6-15 00:00:00,884,932
784,996,990,603,474,12.460,11,633,203,371,931,57,765,9,2015-3-31 00:00:00,487,573
354,748,821,665,587,7.310,12,476,854,304,557,94,15,8,2015-1-25 00:00:00,888,521
377,479,657,770,765,19.540,8,18,94,779,720,13,418,1,2015-5-12 00:00:00,631,716
581,229,351,527,728,4.170,7,620,743,553,971,82,722,5,2015-2-15 00:00:00,261,207
882,179,852,246,41,1.730,12,834,704,649,127,33,952,3,2015-7-7 00:00:00,904,229
129,128,577,395,268,10.690,10,357,852,843,768,70,560,4,2015-8-11 00:00:00,355,611
896,309,498,17,82,10.950,1,555,122,875,957,90,278,6,2015-4-12 00:00:00,760,900
630,998,174,944,725,13.640,5,297,90,458,791,20,868,6,2015-7-25 00:00:00,174,202
937,870,28,497,520,15.360,13,55,124,234,269,76,765,7,2015-3-2 00:00:00,114,181
942,29,175,632,873,4.650,16,477,123,851,946,66,334,4,2015-2-10 00:00:00,924,712
538,986,65,715,432,9.990,10,600,948,324,612,45,429,7,2015-1-25 00:00:00,914,856
408,798,160,125,881,17.960,5,986,363,582,502,85,580,7,2015-5-14 00:00:00,338,541
904,198,665,543,765,16.820,8,228,287,431,695,40,286,3,2015-3-31 00:00:00,822,365
937,758,625,497,728,4.920,15,812,220,767,55,41,102,6,2015-6-19 00:00:00,527,847
42,406,235,147,229,3.140,5,196,149,342,913,59,563,1,2015-3-25 00:00:00,649,651
998,758,447,940,305,19.530,17,509,440,595,440,32,443,1,2015-3-9 00:00:00,660,719
423,495,711,952,794,14.810,19,83,176,619,749,68,708,6,2015-6-28 00:00:00,357,349
133,700,722,288,403,15.810,4,658,383,755,753,42,510,8,2015-7-16 00:00:00,785,680
831,576,501,798,547,3.170,9,722,233,394,306,16,313,6,2015-3-5 00:00:00,199,374
761,118,791,965,975,18.590,17,772,493,660,508,56,764,1,2015-5-9 00:00:00,360,965
804,570,658,670,242,17.000,12,438,77,806,808,72,829,7,2015-1-26 00:00:00,674,781
472,664,276,476,950,3.950,18,53,276,237,711,70,404,3,2015-7-23 00:00:00,228,714
39,723,434,26,724,19.350,19,210,503,349,74,97,981,2,2015-3-15 00:00:00,986,439
532,689,641,597,454,11.340,14,233,512,707,692,79,884,7,2015-3-17 00:00:00,16,683
358,518,100,212,349,6.570,5,550,765,598,958,43,292,4,2015-2-18 00:00:00,289,307
66,580,837,806,867,12.680,5,629,422,251,625,42,284,1,2015-4-23 00:00:00,10,921
202,480,871,850,467,10.040,4,434,575,519,712,57,901,6,2015-3-29 00:00:00,488,254
480,46,38,681,229,6.740,6,506,107,744,934,96,324,9,2015-5-10 00:00:00,706,786
609,513,316,668,524,7.140,7,962,415,59,899,52,350,1,2015-6-20 00:00:00,455,317
639,752,727,151,168,7.420,6,912,404,211,866,73,453,3,2015-8-3 00:00:00,69,736
531,174,265,476,149,3.040,17,772,270,303,984,86,517,4,2015-7-8 00:00:00,276,913
362,952,308,186,472,9.040,16,991,341,414,271,88,861,6,2015-3-20 00:00:00,564,567
819,910,591,158,388,10.800,10,764,621,402,293,58,864,3,2015-6-19 00:00:00,365,153
24,904,329,996,685,18.270,3,627,506,569,682,48,695,3,2015-8-6 00:00:00,302,505
209,181,291,367,649,10.850,17,21,530,138,969,68,376,5,2015-5-19 00:00:00,542,986
262,275,748,573,698,18.660,15,172,446,540,284,26,401,2,2015-5-21 00:00:00,299,205
400,555,883,394,88,8.200,15,663,689,15,864,99,680,9,2015-8-3 00:00:00,122,599
606,477,344,553,448,17.300,17,342,855,656,269,64,166,8,2015-1-18 00:00:00,220,743
188,960,904,566,205,14.580,7,966,224,571,874,74,446,5,2015-5-15 00:00:00,752,867
486,852,972,129,723,4.890,20,707,246,30,501,33,408,7,2015-4-21 00:00:00,626,771
294,792,925,921,83,13.590,2,244,811,321,59,74,427,7,2015-4-11 00:00:00,491,469
603,856,638,198,444,7.770,4,290,450,557,411,69,692,9,2015-2-24 00:00:00,566,667
66,86,185,732,852,17.730,3,107,68,114,602,57,563,3,2015-5-6 00:00:00,973,412
408,451,11,965,997,12.930,6,748,712,339,856,53,698,1,2015-2-24 00:00:00,838,369
438,191,959,921,15,18.490,4,174,966,724,830,96,323,7,2015-8-1 00:00:00,785,874
58,473,605,434,264,4.490,16,731,471,941,503,44,786,8,2015-8-8 00:00:00,401,387
796,177,497,979,109,19.130,2,302,250,665,445,34,558,4,2015-1-29 00:00:00,82,815
940,255,602,896,997,10.040,12,142,925,613,713,43,697,9,2015-4-25 00:00:00,846,356
428,377,597,393,395,4.710,7,427,416,769,343,75,229,1,2015-5-10 00:00:00,594,427
304,102,186,676,437,18.740,10,831,330,960,121,76,487,2,2015-3-5 00:00:00,519,46
134,549,54,854,970,12.910,3,937,144,676,280,89,54,5,2015-7-29 00:00:00,525,878
20,393,907,94,689,12.410,13,976,403,323,379,50,49,9,2015-8-2 00:00:00,520,645
979,114,722,563,840,18.960,2,391,925,811,667,56,926,9,2015-2-21 00:00:00,179,528
588,900,409,893,94,17.520,7,804,995,32,463,70,676,5,2015-2-13 00:00:00,693,632
536,616,595,704,767,19.130,4,400,707,560,758,26,644,2,2015-5-26 00:00:00,868,244
799,384,521,493,877,15.230,14,663,678,738,95,77,663,8,2015-8-1 00:00:00,893,637
507,407,136,854,905,13.500,8,165,245,260,620,93,119,6,2015-4-18 00:00:00,694,584
57,311,115,452,556,19.470,3,575,871,271,856,35,405,4,2015-2-7 00:00:00,674,324
525,58,527,547,784,15.860,17,717,537,874,872,99,29,1,2015-7-9 00:00:00,822,808
411,507,858,670,629,2.610,17,663,924,23,841,89,492,2,2015-4-11 00:00:00,326,550
667,957,63,700,742,12.520,4,229,621,566,948,95,756,3,2015-2-19 00:00:00,559,696
832,595,475,432,402,5.440,8,883,672,21,234,35,831,8,2015-5-7 00:00:00,84,239
644,71,172,918,215,19.540,9,37,980,922,692,67,645,4,2015-5-13 00:00:00,198,360
147,327,289,937,162,2.190,12,428,274,813,36,35,789,1,2015-3-21 00:00:00,894,870
927,455,96,581,266,5.460,8,172,612,351,167,59,889,1,2015-6-21 00:00:00,876,811
406,201,180,475,105,14.340,19,817,494,656,589,49,538,5,2015-2-26 00:00:00,334,801
238,137,481,754,528,16.170,13,208,73,252,51,97,244,7,2015-5-5 00:00:00,13,72
200,333,705,298,498,10.850,4,868,38,733,514,97,234,2,2015-4-24 00:00:00,949,94
251,975,36,507,736,9.380,7,585,146,859,608,36,730,5,2015-7-16 00:00:00,677,696
458,154,660,778,493,5.580,7,801,884,765,840,47,944,4,2015-6-18 00:00:00,370,157
715,147,116,889,865,7.130,19,285,629,314,508,26,679,7,2015-6-6 00:00:00,179,713
44,502,438,88,293,19.040,12,730,584,335,665,22,533,5,2015-7-17 00:00:00,694,145
591,734,440,697,541,4.660,20,178,790,258,800,47,901,5,2015-6-4 00:00:00,692,821
988,461,30,917,308,6.400,15,22,41,411,146,14,738,1,2015-3-8 00:00:00,564,633
655,107,729,346,546,15.420,3,151,187,483,619,97,629,4,2015-7-11 00:00:00,597,546
700,908,896,916,80,19.590,5,977,925,354,287,48,332,4,2015-3-23 00:00:00,81,578
316,574,639,18,191,19.280,14,885,593,109,367,95,187,8,2015-7-13 00:00:00,504,258
26,634,374,957,18,14.330,5,425,185,334,706,28,10,2,2015-4-27 00:00:00,718,83
80,313,707,149,276,8.790,9,654,948,409,666,83,423,8,2015-6-27 00:00:00,171,75
789,346,798,161,428,1.460,8,864,712,741,955,38,448,9,2015-2-21 00:00:00,931,695
293,15,72,880,414,17.750,13,250,312,922,264,70,138,5,2015-7-26 00:00:00,716,696
199,797,823,380,355,16.410,17,609,131,31,874,49,530,6,2015-3-1 00:00:00,422,880
50,716,376,733,913,12.790,18,526,518,933,61,18,492,9,2015-2-20 00:00:00,875,714
305,266,534,979,554,14.140,2,967,764,83,959,84,492,7,2015-2-5 00:00:00,40,682
316,742,517,447,425,4.100,1,692,506,224,213,55,576,6,2015-1-14 00:00:00,937,14
62,94,739,550,644,8.810,15,962,15,12,333,73,779,2,2015-1-11 00:00:00,50,963
278,332,827,725,291,17.800,5,285,999,517,511,54,695,4,2015-5-18 00:00:00,410,484
460,786,379,727,662,3.220,13,507,778,728,929,39,823,2,2015-5-5 00:00:00,913,493
752,341,740,506,268,17.650,11,169,297,976,607,82,412,8,2015-8-7 00:00:00,146,68
406,30,169,308,792,1.340,17,358,80,104,370,81,147,1,2015-1-21 00:00:00,610,588
37,529,671,561,720,10.080,5,795,33,188,951,97,872,3,2015-8-1 00:00:00,95,280
752,482,600,322,574,1.030,15,59,130,367,927,86,319,2,2015-1-24 00:00:00,492,901
918,118,465,411,701,19.120,7,895,679,973,826,37,669,5,2015-1-19 00:00:00,485,70
393,545,197,314,711,6.690,20,867,106,926,696,47,359,8,2015-4-14 00:00:00,719,688
821,36,676,733,559,7.530,18,147,623,436,346,47,91,4,2015-1-24 00:00:00,653,826
399,81,615,251,232,14.560,18,20,781,942,394,58,324,7,2015-4-1 00:00:00,747,727
429,381,585,196,364,8.160,17,240,480,89,821,10,421,8,2015-6-6 00:00:00,486,711
982,167,893,291,154,11.450,20,189,335,909,492,44,880,3,2015-4-5 00:00:00,436,506
194,562,940,812,497,17.020,17,587,204,556,993,92,793,3,2015-6-21 00:00:00,997,582
954,440,306,471,192,13.890,19,593,910,959,690,25,515,3,2015-6-15 00:00:00,848,15
115,429,580,152,773,15.970,6,36,924,727,788,65,957,2,2015-6-21 00:00:00,322,810
818,875,588,677,792,18.100,19,133,113,842,944,16,493,4,2015-4-21 00:00:00,987,966
247,325,569,549,359,1.020,3,690,891,127,103,39,307,2,2015-7-27 00:00:00,91,103
223,148,95,674,531,15.370,8,93,217,628,48,62,210,6,2015-5-5 00:00:00,949,390
666,396,993,949,108,10.520,2,440,662,922,27,39,116,2,2015-1-30 00:00:00,577,919
860,244,800,93,989,9.590,19,936,171,631,571,87,872,4,2015-6-2 00:00:00,106,457
49,135,831,580,255,9.790,6,769,805,960,295,77,459,6,2015-4-14 00:00:00,611,785
192,651,975,41,926,1.110,15,779,593,931,47,41,450,1,2015-6-10 00:00:00,111,537
184,443,890,903,285,11.560,12,135,943,505,692,84,134,7,2015-2-27 00:00:00,577,295
488,390,785,188,359,13.480,4,85,361,547,290,26,377,7,2015-3-17 00:00:00,174,532
80,895,579,338,860,14.570,14,233,793,301,332,38,551,6,2015-5-31 00:00:00,954,455
415,864,629,969,647,17.230,17,446,655,471,212,32,257,9,2015-3-20 00:00:00,962,619
71,884,359,706,649,15.580,2,251,560,125,262,36,387,7,2015-7-6 00:00:00,754,301
342,542,714,193,395,7.390,18,776,835,147,960,70,531,1,2015-7-26 00:00:00,510,136
583,33,205,784,325,19.300,12,849,732,326,762,14,324,5,2015-2-20 00:00:00,857,832
426,701,575,848,978,16.910,7,22,785,776,261,35,96,3,2015-3-12 00:00:00,226,402
544,831,313,938,689,12.390,2,813,353,806,840,59,475,8,2015-4-12 00:00:00,907,500
905,128,798,102,298,17.220,4,38,958,662,912,25,833,9,2015-6-10 00:00:00,350,963
116,211,90,942,406,1.710,19,667,544,70,552,68,943,8,2015-6-5 00:00:00,599,677
952,189,561,849,876,17.650,3,367,401,64,351,91,386,2,2015-2-5 00:00:00,193,976
544,913,554,700,102,3.710,7,14,624,223,539,95,235,8,2015-7-18 00:00:00,297,859
698,540,788,842,514,11.990,11,314,978,905,259,16,921,9,2015-2-16 00:00:00,666,557
972,696,607,570,140,13.510,5,985,349,992,583,44,255,2,2015-1-8 00:00:00,278,666
883,947,509,826,347,4.880,8,820,904,397,690,73,138,3,2015-4-14 00:00:00,620,448
68,128,439,212,690,1.080,4,150,825,438,606,60,520,5,2015-7-30 00:00:00,148,159
125,414,374,861,582,19.550,14,870,446,103,682,75,792,7,2015-5-8 00:00:00,501,134
961,31,129,69,364,16.290,17,941,643,879,801,57,366,1,2015-4-1 00:00:00,939,84
117,74,412,534,705,16.300,19,935,473,794,274,59,736,9,2015-6-23 00:00:00,76,828
201,373,656,649,20,17.870,15,627,679,569,827,28,127,6,2015-6-16 00:00:00,765,30
690,604,71,34,609,2.560,5,251,863,832,52,58,356,5,2015-6-3 00:00:00,332,315
738,601,200,72,989,15.700,2,436,247,574,188,78,792,3,2015-6-1 00:00:00,742,953
952,923,734,107,641,3.730,11,416,501,35,23,69,81,2,2015-8-6 00:00:00,510,116
643,267,342,93,829,16.140,11,692,436,54,461,97,197,2,2015-5-15 00:00:00,127,556
419,444,53,777,996,16.120,2,678,350,491,531,12,120,3,2015-4-16 00:00:00,258,303
762,880,842,685,966,3.230,2,648,331,470,446,10,643,6,2015-1-23 00:00:00,648,534
73,561,993,903,327,5.230,5,791,284,452,276,76,998,1,2015-4-10 00:00:00,824,786
877,509,666,84,394,17.850,4,519,976,242,149,33,593,1,2015-2-27 00:00:00,422,451
881,426,112,531,547,19.450,1,112,902,261,782,67,833,2,2015-4-12 00:00:00,788,382
253,490,959,459,730,12.200,1,513,839,606,717,35,190,1,2015-7-4 00:00:00,533,217
943,558,110,555,465,13.320,18,473,180,625,296,22,632,5,2015-6-18 00:00:00,933,936
232,362,41,276,575,7.770,11,326,548,62,664,93,863,2,2015-2-1 00:00:00,724,601
615,713,50,13,858,3.980,7,351,720,781,168,34,331,7,2015-8-8 00:00:00,123,912
99,695,526,603,551,14.600,6,720,737,655,987,73,940,9,2015-6-24 00:00:00,787,551
493,798,917,412,684,16.450,17,930,825,986,314,23,382,5,2015-4-7 00:00:00,225,177
866,654,400,331,173,17.540,1,744,498,322,634,85,622,6,2015-1-17 00:00:00,623,683
964,841,34,680,457,19.620,13,404,891,161,373,72,297,3,2015-3-17 00:00:00,979,687
488,796,539,726,990,10.860,8,547,300,309,686,23,325,1,2015-5-24 00:00:00,346,657
356,564,799,986,256,11.410,2,109,154,992,324,29,736,6,2015-1-22 00:00:00,695,19
384,334,439,748,515,1.740,13,211,509,770,801,78,830,8,2015-7-27 00:00:00,833,352
876,400,856,736,162,16.930,17,785,585,391,949,79,711,2,2015-6-27 00:00:00,459,661
115,342,27,176,636,18.010,17,627,32,662,244,86,451,4,2015-3-13 00:00:00,846,136
944,922,503,798,545,1.080,15,493,118,851,785,95,403,9,2015-5-31 00:00:00,997,250
778,650,829,497,409,6.970,6,83,37,654,511,98,271,2,2015-3-12 00:00:00,339,368
671,301,672,687,594,2.550,3,897,609,81,776,50,785,3,2015-7-8 00:00:00,801,358
140,295,456,825,55,1.710,12,253,688,349,67,71,215,4,2015-4-8 00:00:00,105,659
661,425,682,379,637,6.960,8,111,30,422,82,29,112,1,2015-2-9 00:00:00,132,130
110,858,427,903,434,15.070,18,793,916,271,281,82,718,2,2015-3-10 00:00:00,494,146
764,935,591,245,717,2.490,16,657,514,828,58,43,128,4,2015-7-10 00:00:00,977,132
739,750,638,522,888,11.730,9,213,690,729,951,12,711,2,2015-8-10 00:00:00,169,299
110,441,835,750,551,5.650,7,883,365,990,956,21,572,1,2015-4-20 00:00:00,727,360
443,651,30,407,352,18.530,4,242,940,811,965,44,853,9,2015-2-19 00:00:00,694,626
727,706,317,858,841,7.290,19,49,400,585,331,80,871,7,2015-5-26 00:00:00,797,261
839,348,580,307,701,13.410,2,755,542,467,746,52,621,7,2015-7-14 00:00:00,311,754
585,330,690,783,874,18.380,17,167,22,361,432,95,971,7,2015-3-5 00:00:00,840,59
132,982,223,369,965,3.600,10,135,11,221,313,78,275,2,2015-4-25 00:00:00,226,453
750,745,214,51,862,9.690,8,84,599,924,406,12,505,8,2015-2-28 00:00:00,51,19
640,144,644,254,362,17.260,3,460,19,716,44,54,590,8,2015-1-19 00:00:00,290,970
522,931,368,153,460,11.160,18,775,862,332,136,98,130,5,2015-3-18 00:00:00,845,155
913,255,235,73,286,7.210,10,528,258,388,112,22,27,4,2015-4-1 00:00:00,439,999
384,872,817,623,405,2.090,4,182,630,576,12,20,138,1,2015-6-10 00:00:00,991,317
378,240,876,848,924,9.320,12,289,589,34,214,64,845,4,2015-7-23 00:00:00,558,374
748,937,13,459,516,14.180,5,996,558,912,694,36,329,1,2015-8-11 00:00:00,205,457
791,680,670,753,576,5.830,15,320,62,966,902,78,937,9,2015-3-1 00:00:00,515,964
616,538,388,777,114,17.750,16,488,945,201,212,16,41,5,2015-5-2 00:00:00,994,480
682,574,33,142,29,1.090,20,15,381,928,887,71,103,1,2015-3-13 00:00:00,821,90
791,585,522,153,977,7.510,11,552,211,852,92,26,523,6,2015-2-7 00:00:00,835,354
573,192,103,176,896,18.290,8,342,829,170,531,97,221,5,2015-7-13 00:00:00,936,767
871,992,54,684,27,19.670,5,894,608,324,886,12,919,5,2015-3-1 00:00:00,336,739
420,347,255,728,377,8.300,4,293,744,214,673,90,536,7,2015-3-13 00:00:00,658,300
928,97,150,33,61,10.240,20,34,120,867,83,57,348,7,2015-6-10 00:00:00,731,111
773,236,358,50,142,5.600,3,43,173,428,188,10,286,8,2015-7-2 00:00:00,380,560
562,638,533,975,216,11.580,2,372,445,346,728,83,277,3,2015-7-13 00:00:00,818,897
833,775,203,781,495,4.190,2,186,569,16,751,99,474,1,2015-4-19 00:00:00,283,573
502,735,556,348,311,5.320,6,256,799,389,911,65,873,2,2015-3-12 00:00:00,567,643
959,394,39,989,310,1.430,8,700,255,136,96,33,342,9,2015-1-25 00:00:00,412,54
358,998,901,829,328,4.170,7,312,763,545,581,72,728,9,2015-7-24 00:00:00,833,92
437,121,996,595,432,7.250,3,883,31,558,542,54,184,6,2015-2-6 00:00:00,900,389
899,95,46,548,370,10.400,7,205,927,632,173,51,337,1,2015-2-15 00:00:00,50,589
357,333,621,248,290,9.020,15,282,710,168,278,22,329,7,2015-4-22 00:00:00,255,710
287,138,748,709,648,2.730,10,255,930,851,44,39,903,6,2015-4-6 00:00:00,313,250
353,179,759,696,232,16.000,6,578,647,988,390,43,346,2,2015-3-13 00:00:00,341,434
711,219,961,671,881,16.850,5,873,496,97,349,12,947,5,2015-6-19 00:00:00,735,401
592,531,81,552,580,18.770,13,542,423,297,398,11,542,6,2015-3-6 00:00:00,347,393
852,406,84,96,64,13.700,12,505,430,118,65,32,636,3,2015-2-23 00:00:00,469,843
58,296,537,358,490,16.610,13,752,960,945,993,44,628,2,2015-5-25 00:00:00,954,563
609,335,407,812,377,3.400,2,75,523,367,259,51,430,1,2015-6-23 00:00:00,31,548
119,414,217,629,308,19.910,11,919,583,169,417,65,715,7,2015-1-30 00:00:00,949,844
122,146,633,14,842,12.980,11,103,94,246,621,59,882,9,2015-5-20 00:00:00,239,463
755,328,975,870,600,18.060,3,861,753,126,780,22,570,9,2015-2-18 00:00:00,275,67
563,522,979,961,11,4.620,8,733,649,491,982,80,515,9,2015-5-3 00:00:00,300,471
450,752,826,414,234,10.900,12,288,771,214,236,86,337,8,2015-7-3 00:00:00,843,836
396,757,507,62,475,19.930,15,111,309,363,946,32,641,2,2015-2-7 00:00:00,603,931
843,520,249,347,552,13.460,6,575,215,804,763,47,933,6,2015-7-9 00:00:00,29,396
245,356,101,900,690,14.710,6,417,547,883,792,61,35,4,2015-8-5 00:00:00,832,318
487,310,249,115,160,19.680,3,950,763,371,850,14,970,1,2015-2-16 00:00:00,585,538
358,592,591,480,307,7.940,18,280,775,115,294,67,712,7,2015-7-3 00:00:00,235,379
642,995,683,817,758,16.760,11,944,150,752,708,82,10,2,2015-4-29 00:00:00,683,615
660,407,416,860,717,1.700,11,514,794,954,352,19,136,3,2015-7-10 00:00:00,345,654
18,46,682,612,311,8.780,11,654,803,452,544,29,67,7,2015-1-20 00:00:00,68,679
512,678,711,584,919,3.180,11,923,524,443,977,89,251,6,2015-4-3 00:00:00,739,725
698,785,552,885,839,2.520,19,965,273,322,890,15,20,1,2015-4-10 00:00:00,133,947
906,186,783,574,213,14.440,13,846,769,973,940,45,390,9,2015-6-13 00:00:00,524,13
21,527,447,628,764,17.490,12,981,227,122,331,50,172,4,2015-7-23 00:00:00,643,765
729,794,868,18,185,7.140,5,465,487,980,24,86,130,9,2015-6-11 00:00:00,174,110
692,389,877,918,430,16.640,18,339,857,507,642,68,355,4,2015-7-18 00:00:00,320,457
632,67,412,61,694,19.410,17,628,261,560,370,16,187,5,2015-4-16 00:00:00,181,504
786,55,703,23,746,6.630,8,828,521,453,808,37,605,9,2015-5-5 00:00:00,139,560
954,786,327,658,252,14.610,9,998,249,763,61,91,462,2,2015-2-16 00:00:00,117,700
742,756,512,167,965,8.140,7,905,176,493,479,45,409,5,2015-7-17 00:00:00,275,991
423,768,337,615,119,13.830,15,912,937,496,41,33,511,1,2015-4-15 00:00:00,159,549
322,716,79,257,516,19.840,4,314,685,743,157,39,372,2,2015-6-28 00:00:00,617,764
753,578,406,629,462,11.720,11,682,706,58,493,70,685,4,2015-2-8 00:00:00,739,791
875,44,496,880,71,17.450,8,506,822,118,467,93,403,8,2015-1-31 00:00:00,761,253
554,769,738,625,302,12.420,13,291,585,329,341,74,675,3,2015-1-13 00:00:00,840,489
565,954,325,925,767,10.460,8,222,126,975,648,65,392,6,2015-2-3 00:00:00,683,903
776,351,482,607,893,11.140,8,20,315,251,245,81,374,6,2015-8-6 00:00:00,304,636
869,867,706,213,304,17.260,7,340,445,389,376,66,798,6,2015-2-5 00:00:00,444,967
851,890,491,652,27,14.540,9,344,589,563,902,88,147,5,2015-1-23 00:00:00,114,37
443,445,190,901,98,10.160,13,481,877,701,900,39,746,9,2015-5-26 00:00:00,414,487
769,352,273,779,736,12.180,9,521,624,210,88,72,764,5,2015-7-24 00:00:00,526,670
553,312,537,217,939,8.770,17,490,806,845,487,76,326,6,2015-4-5 00:00:00,910,717
116,308,853,49,398,3.670,18,397,287,392,606,15,901,7,2015-6-7 00:00:00,664,705
521,910,208,459,754,9.770,2,760,430,470,424,16,642,9,2015-5-30 00:00:00,423,227
128,929,60,46,536,17.240,19,23,317,502,193,38,32,4,2015-4-11 00:00:00,521,587
985,434,613,471,714,7.340,14,925,119,371,13,78,731,9,2015-4-4 00:00:00,524,487
438,489,360,582,432,15.330,14,296,703,811,50,60,201,9,2015-2-27 00:00:00,231,691
685,822,319,212,57,15.850,12,794,232,336,450,44,347,8,2015-5-22 00:00:00,833,246
457,340,173,436,565,2.740,10,882,698,984,980,78,159,9,2015-7-18 00:00:00,408,42
212,895,956,575,423,8.810,6,929,678,175,946,89,317,2,2015-1-21 00:00:00,906,498
140,944,175,102,568,6.060,16,632,537,675,488,23,834,5,2015-1-24 00:00:00,350,162
895,398,480,226,793,7.350,14,837,291,930,658,49,533,6,2015-2-5 00:00:00,592,187
633,786,492,699,742,17.100,3,965,346,72,435,87,963,4,2015-2-10 00:00:00,328,309
838,483,689,330,459,19.400,9,873,779,690,184,39,169,3,2015-2-16 00:00:00,425,759
387,995,391,980,551,19.080,7,972,550,725,79,86,436,1,2015-4-27 00:00:00,589,675
737,60,436,969,363,5.290,15,711,599,255,753,85,76,1,2015-1-8 00:00:00,204,417
75,835,757,909,512,14.580,12,112,837,749,349,36,675,8,2015-8-5 00:00:00,366,987
30,377,175,736,702,5.360,3,973,912,455,348,58,541,7,2015-4-28 00:00:00,812,446
854,226,392,220,733,11.880,12,541,885,754,492,80,314,1,2015-4-1 00:00:00,209,518
799,953,854,830,546,2.340,16,902,170,361,702,40,444,1,2015-4-27 00:00:00,327,85
858,781,357,198,405,5.070,20,305,135,385,27,53,323,8,2015-3-7 00:00:00,604,60
272,111,595,982,423,14.440,18,479,279,99,448,72,397,5,2015-2-19 00:00:00,751,728
210,298,602,439,589,12.960,17,639,861,319,988,49,334,9,2015-3-14 00:00:00,372,601
706,451,536,827,941,3.100,13,154,570,444,40,33,94,5,2015-1-14 00:00:00,252,747
342,205,492,610,117,14.220,1,708,529,370,392,38,740,9,2015-4-12 00:00:00,695,186
802,845,879,327,312,19.940,17,932,873,116,433,17,757,4,2015-2-10 00:00:00,36,363
670,476,138,690,292,14.580,17,670,899,291,939,76,751,7,2015-4-25 00:00:00,405,740
475,293,668,211,400,15.960,9,745,817,908,222,68,378,9,2015-4-22 00:00:00,187,51
725,216,851,595,145,18.750,12,958,380,371,104,71,543,6,2015-2-18 00:00:00,987,244
679,215,67,856,242,6.420,11,781,580,520,872,52,49,3,2015-4-17 00:00:00,22,922
737,774,829,831,460,12.670,15,498,565,66,374,28,477,7,2015-6-4 00:00:00,305,242
544,204,806,256,137,18.710,9,852,942,320,87,27,455,2,2015-2-3 00:00:00,745,462
11,985,827,196,601,1.720,12,149,621,740,798,44,380,8,2015-5-18 00:00:00,739,246
981,684,200,677,383,14.090,15,306,438,897,347,20,49,6,2015-4-6 00:00:00,45,324
229,85,258,477,655,14.920,19,255,224,847,906,57,202,3,2015-1-23 00:00:00,658,944
109,646,69,145,110,11.100,12,804,769,412,697,96,189,3,2015-6-14 00:00:00,623,39
408,821,472,838,764,1.520,7,641,714,71,865,18,126,3,2015-5-6 00:00:00,91,435
860,445,11,251,993,15.760,19,336,697,817,949,18,594,8,2015-6-4 00:00:00,993,820
697,921,845,816,840,18.340,12,29,192,41,480,80,843,1,2015-4-22 00:00:00,731,823
98,491,143,193,306,1.970,18,561,717,95,712,95,226,1,2015-4-25 00:00:00,543,12
54,467,707,764,861,17.610,12,882,813,254,105,44,820,9,2015-5-1 00:00:00,329,188
722,41,111,158,484,5.800,19,222,578,643,991,10,309,4,2015-5-3 00:00:00,825,278
673,494,648,461,348,9.980,19,127,661,212,75,46,515,5,2015-5-29 00:00:00,210,696
12,385,225,919,13,15.100,10,723,826,830,645,13,165,8,2015-7-7 00:00:00,524,239
13,677,773,995,880,9.320,4,887,237,846,529,90,689,4,2015-4-22 00:00:00,591,571
147,954,811,172,872,10.460,2,677,160,324,334,78,990,2,2015-8-5 00:00:00,152,590
144,315,357,544,789,18.750,10,74,321,266,791,20,424,8,2015-7-24 00:00:00,787,849
95,877,60,955,204,15.570,15,702,545,515,402,45,214,7,2015-7-2 00:00:00,588,173
178,517,559,851,465,1.870,2,213,781,460,993,96,11,5,2015-7-22 00:00:00,665,89
465,462,838,544,993,13.360,4,666,818,35,68,16,416,4,2015-4-24 00:00:00,799,575
363,488,701,840,292,5.590,9,932,531,155,646,79,723,8,2015-3-5 00:00:00,343,343
529,565,825,860,11,6.390,18,840,919,995,295,96,748,6,2015-2-5 00:00:00,549,350
742,633,652,489,290,10.540,17,528,215,667,666,82,617,2,2015-2-17 00:00:00,508,547
155,657,267,358,152,16.960,18,848,355,219,989,26,631,6,2015-4-26 00:00:00,883,157
871,182,986,631,367,14.480,4,575,647,938,689,78,213,1,2015-7-3 00:00:00,484,949
702,139,349,494,832,11.530,14,620,803,431,384,96,823,6,2015-6-20 00:00:00,453,182
613,252,992,690,162,18.130,5,518,144,414,353,67,789,1,2015-7-24 00:00:00,811,614
877,487,877,531,591,6.150,12,437,582,465,717,43,432,5,2015-2-21 00:00:00,793,436
901,915,584,175,107,1.190,17,352,606,996,30,26,576,9,2015-2-5 00:00:00,300,110
295,37,312,808,684,5.110,7,193,687,79,438,88,583,4,2015-1-19 00:00:00,171,955
603,538,857,544,223,8.190,10,39,153,67,841,89,998,5,2015-7-21 00:00:00,718,111
237,290,175,307,969,16.430,15,929,873,555,920,57,782,8,2015-2-17 00:00:00,197,809
701,87,292,794,36,13.270,8,613,916,365,397,31,251,9,2015-3-18 00:00:00,294,754
348,204,967,902,232,18.600,2,381,280,502,775,35,641,3,2015-3-15 00:00:00,181,708
439,98,899,205,280,15.110,16,988,833,129,767,39,607,9,2015-7-20 00:00:00,557,964
154,369,778,93,927,13.060,2,300,867,352,264,59,286,5,2015-4-28 00:00:00,902,114
350,888,941,909,51,10.320,5,399,974,762,849,48,466,9,2015-7-15 00:00:00,911,380
525,181,517,23,668,14.150,16,626,197,505,557,45,21,6,2015-6-11 00:00:00,444,93
276,990,929,922,306,7.170,8,779,224,934,949,22,215,9,2015-2-15 00:00:00,522,437
732,618,31,164,963,16.290,20,212,659,790,269,15,827,1,2015-1-29 00:00:00,38,668
856,220,849,618,611,10.970,19,707,522,94,532,98,385,4,2015-3-22 00:00:00,97,905
350,93,707,236,340,10.570,7,102,510,195,892,54,846,9,2015-3-15 00:00:00,730,519
481,140,670,19,711,4.220,16,738,501,418,917,27,204,7,2015-2-3 00:00:00,879,828
597,614,846,163,715,9.910,15,597,856,387,867,17,604,6,2015-8-9 00:00:00,355,416
595,938,688,161,838,1.680,18,151,956,276,286,85,776,4,2015-6-15 00:00:00,467,852
635,125,286,144,817,7.320,10,70,930,409,430,81,131,2,2015-6-1 00:00:00,631,438
380,816,618,339,266,18.980,5,938,392,604,956,83,953,9,2015-7-11 00:00:00,400,507
968,123,17,193,648,16.480,2,903,251,856,666,32,731,9,2015-6-21 00:00:00,512,509
564,642,557,559,73,16.260,10,815,285,890,116,73,358,8,2015-4-16 00:00:00,803,748
251,972,162,313,827,5.210,11,87,877,897,766,81,779,9,2015-3-18 00:00:00,39,781
282,543,873,416,37,12.490,17,23,520,687,115,88,159,8,2015-4-4 00:00:00,292,515
176,40,936,214,734,3.160,12,958,920,288,322,58,669,4,2015-2-1 00:00:00,89,349
422,743,392,131,771,8.990,3,360,762,235,314,82,998,7,2015-5-24 00:00:00,157,579
17,346,699,30,620,1.510,16,436,647,51,981,67,639,6,2015-4-14 00:00:00,341,868
876,585,358,653,264,18.750,7,330,326,714,250,68,193,1,2015-3-8 00:00:00,665,184
989,471,249,128,605,18.470,7,62,58,178,375,83,182,1,2015-4-21 00:00:00,731,497
714,517,15,966,773,4.840,12,838,191,976,736,18,127,7,2015-1-13 00:00:00,540,282
743,61,836,512,603,10.260,16,908,28,856,21,52,718,2,2015-1-27 00:00:00,966,859
761,921,187,970,256,2.600,5,518,875,41,557,68,986,6,2015-5-9 00:00:00,408,813
437,982,289,32,373,18.260,6,365,756,533,371,71,215,3,2015-3-21 00:00:00,721,917
545,487,938,244,752,6.280,19,794,389,579,157,25,411,6,2015-2-24 00:00:00,87,931
323,287,783,197,639,1.060,10,328,776,203,428,57,174,7,2015-2-20 00:00:00,148,510
610,471,996,369,476,1.260,4,669,950,395,479,87,448,3,2015-6-16 00:00:00,153,367
15,281,437,704,614,16.480,11,425,563,648,939,34,406,6,2015-6-12 00:00:00,836,388
455,198,850,325,218,17.780,19,50,680,379,375,52,797,5,2015-3-15 00:00:00,417,73
720,927,603,822,336,7.540,18,539,183,805,904,13,346,9,2015-6-22 00:00:00,292,27
407,223,772,61,759,18.310,5,554,422,670,844,50,538,2,2015-3-23 00:00:00,793,314
754,745,126,870,83,19.800,8,881,416,548,721,32,584,5,2015-1-8 00:00:00,793,821
654,498,926,955,85,16.900,15,259,324,706,733,16,604,6,2015-3-24 00:00:00,991,109
16,628,276,76,508,11.860,20,522,195,893,26,29,538,2,2015-3-21 00:00:00,718,993
869,58,591,356,392,18.270,12,541,357,381,507,24,51,5,2015-7-19 00:00:00,393,905
125,334,696,546,290,6.620,3,965,39,289,946,43,37,4,2015-1-28 00:00:00,535,92
891,468,455,529,642,14.510,15,556,95,900,358,28,402,5,2015-5-16 00:00:00,744,736
570,439,577,966,385,3.570,3,629,101,726,486,55,397,5,2015-2-21 00:00:00,297,578
653,765,522,240,895,6.010,10,939,182,158,604,20,647,7,2015-7-26 00:00:00,468,407
262,19,598,707,579,17.110,12,250,143,457,309,38,905,8,2015-6-20 00:00:00,399,528
267,581,729,633,836,15.690,8,722,90,815,555,73,268,2,2015-3-13 00:00:00,932,319
963,919,251,778,647,6.620,1,899,111,174,595,58,606,6,2015-7-18 00:00:00,538,932
642,889,303,592,989,3.100,8,635,370,879,557,91,498,2,2015-7-15 00:00:00,521,555
735,861,747,713,824,1.020,16,782,404,807,506,20,872,6,2015-5-27 00:00:00,676,618
368,710,16,50,722,9.260,17,317,270,133,269,44,313,9,2015-2-28 00:00:00,273,299
353,512,412,441,138,14.220,9,784,295,393,539,91,527,9,2015-5-25 00:00:00,974,285
622,88,613,750,353,4.700,4,419,991,162,286,50,416,9,2015-5-17 00:00:00,961,536
342,607,704,253,848,12.870,17,767,971,652,822,40,755,8,2015-1-24 00:00:00,831,151
991,760,444,283,228,13.180,18,927,439,899,488,86,75,5,2015-4-19 00:00:00,225,371
13,213,131,101,43,3.600,6,286,765,278,682,28,694,8,2015-5-9 00:00:00,640,135
966,745,342,987,744,11.500,13,839,222,575,776,22,586,3,2015-5-29 00:00:00,962,784
732,74,245,974,37,15.340,2,233,475,494,548,28,407,8,2015-6-4 00:00:00,736,873
671,568,790,974,487,12.530,19,950,949,759,534,28,843,4,2015-2-1 00:00:00,306,799
739,449,228,480,925,18.660,3,420,896,25,369,56,910,3,2015-2-7 00:00:00,429,511
276,554,926,276,411,11.190,3,414,299,639,252,25,923,9,2015-3-28 00:00:00,396,558
284,366,346,397,878,18.610,14,970,599,230,713,68,302,3,2015-3-24 00:00:00,693,360
71,798,843,956,511,11.760,2,329,622,494,487,55,351,6,2015-4-2 00:00:00,334,865
974,70,449,932,267,10.550,8,31,625,177,153,12,452,8,2015-4-11 00:00:00,702,989
33,35,208,222,453,16.040,18,503,405,576,266,88,693,1,2015-5-23 00:00:00,263,23
86,855,28,124,107,14.630,14,894,179,796,338,95,303,4,2015-2-20 00:00:00,117,632
247,884,719,968,458,17.980,3,697,498,545,980,53,140,6,2015-4-25 00:00:00,523,147
768,71,75,765,552,3.410,18,787,165,648,493,63,335,4,2015-1-20 00:00:00,153,300
466,882,204,225,618,3.490,14,905,279,862,982,27,831,9,2015-3-22 00:00:00,209,169
547,579,614,395,722,2.850,10,609,923,549,847,62,590,2,2015-3-7 00:00:00,282,371
384,954,792,748,22,18.000,10,698,312,684,83,90,426,2,2015-6-21 00:00:00,707,867
103,993,15,445,955,11.270,19,471,968,125,348,39,908,5,2015-8-9 00:00:00,733,672
980,260,582,419,796,18.720,12,312,786,916,520,52,549,8,2015-2-23 00:00:00,545,942
772,361,572,932,994,18.260,14,744,871,234,894,31,584,9,2015-5-1 00:00:00,672,652
829,778,285,79,933,3.240,18,900,605,818,709,49,315,6,2015-5-19 00:00:00,724,955
491,680,950,431,392,4.640,11,869,562,558,902,18,915,9,2015-1-21 00:00:00,632,916
848,95,983,887,107,4.670,5,692,743,484,846,10,687,2,2015-3-17 00:00:00,848,617
698,308,382,505,742,9.750,16,821,755,928,403,45,488,8,2015-6-28 00:00:00,69,511
307,535,551,576,28,16.310,4,773,969,470,380,22,460,2,2015-5-27 00:00:00,123,552
780,676,723,363,192,8.410,10,320,775,186,232,56,190,4,2015-5-19 00:00:00,386,446
953,667,546,341,948,2.590,11,697,962,848,685,27,297,2,2015-6-25 00:00:00,929,742
321,709,415,943,596,19.690,10,881,662,590,950,99,832,7,2015-1-29 00:00:00,584,602
133,947,411,517,981,2.100,18,881,399,240,458,99,957,2,2015-6-18 00:00:00,639,30
136,695,797,597,84,4.420,4,492,131,664,235,81,571,1,2015-6-13 00:00:00,104,609
258,525,957,653,843,9.170,18,818,681,222,622,81,145,1,2015-4-13 00:00:00,808,299
495,834,523,740,441,14.450,12,689,301,667,901,96,358,6,2015-7-3 00:00:00,27,527
682,147,716,151,17,10.600,1,439,754,229,184,55,129,5,2015-4-1 00:00:00,296,676
244,293,413,823,971,13.460,14,644,88,898,343,98,815,5,2015-6-2 00:00:00,383,764
269,223,687,261,261,2.540,11,765,271,302,405,47,399,8,2015-4-8 00:00:00,813,643
215,355,325,778,807,17.260,16,664,502,856,416,96,149,4,2015-3-1 00:00:00,974,135
950,61,909,873,364,14.720,20,748,120,570,622,39,632,6,2015-4-13 00:00:00,389,635
777,532,543,211,830,8.840,7,208,764,370,505,64,173,9,2015-2-22 00:00:00,73,253
386,959,10,311,838,18.050,6,845,981,916,410,51,884,2,2015-1-26 00:00:00,655,214
739,146,216,70,796,9.670,9,986,559,639,780,46,612,7,2015-1-16 00:00:00,254,364
712,699,270,922,238,3.360,18,201,568,196,365,51,901,8,2015-4-3 00:00:00,78,169
808,106,383,340,554,13.060,14,994,404,390,916,11,150,2,2015-4-1 00:00:00,299,340
468,763,211,166,760,6.850,2,609,198,701,527,10,913,7,2015-1-20 00:00:00,11,985
295,52,222,402,722,4.960,2,334,268,820,140,66,904,3,2015-3-31 00:00:00,858,341
256,878,864,858,744,15.830,19,899,638,107,81,41,861,8,2015-2-6 00:00:00,409,873
851,582,656,910,268,11.030,7,349,895,751,346,47,277,1,2015-6-4 00:00:00,745,214
137,700,44,112,827,7.930,10,56,670,802,206,28,146,4,2015-3-1 00:00:00,746,887
923,962,423,998,925,3.300,10,66,683,691,182,41,292,9,2015-4-16 00:00:00,891,171
808,633,919,886,271,2.310,4,587,854,388,609,53,976,8,2015-2-27 00:00:00,869,829
584,319,671,818,572,3.530,5,752,559,204,556,37,689,8,2015-4-29 00:00:00,833,745
312,155,87,390,943,4.070,8,922,150,253,470,49,740,9,2015-8-10 00:00:00,769,215
727,119,444,47,317,17.810,10,177,490,73,250,39,867,7,2015-4-4 00:00:00,319,491
265,196,679,416,355,11.930,13,621,756,332,392,71,854,3,2015-6-2 00:00:00,578,412
519,459,238,626,699,4.330,13,918,951,251,218,92,307,6,2015-7-23 00:00:00,91,670
566,204,818,878,750,10.740,11,153,884,536,787,42,358,9,2015-5-15 00:00:00,215,583
792,980,171,32,691,8.400,2,428,719,726,667,31,808,1,2015-7-17 00:00:00,891,290
843,756,968,526,740,1.800,19,893,144,488,550,62,154,4,2015-7-7 00:00:00,333,906
843,207,827,584,325,10.290,18,764,230,690,278,71,337,1,2015-1-15 00:00:00,42,675
189,274,227,568,178,9.230,20,129,922,738,75,82,195,8,2015-6-24 00:00:00,145,153
811,614,550,786,342,11.240,17,100,828,656,178,76,863,2,2015-7-26 00:00:00,709,68
525,899,205,595,846,18.190,17,523,862,412,838,60,239,7,2015-1-19 00:00:00,569,180
612,411,374,673,56,3.300,13,802,921,760,436,91,48,6,2015-2-4 00:00:00,514,174
683,628,202,260,89,8.050,17,674,265,295,483,29,56,4,2015-2-23 00:00:00,854,347
962,986,208,55,323,4.610,4,154,1000,93,941,37,144,9,2015-8-2 00:00:00,57,918
177,23,959,779,742,2.690,10,794,944,629,465,19,383,7,2015-7-31 00:00:00,197,278
159,620,147,181,395,19.730,17,774,265,975,885,21,319,1,2015-1-16 00:00:00,298,990
997,249,770,467,442,10.030,16,710,630,923,242,22,20,8,2015-1-12 00:00:00,566,290
901,621,776,95,200,13.870,14,601,204,736,662,74,91,4,2015-2-7 00:00:00,764,702
927,190,432,109,895,10.960,16,476,372,857,194,20,109,1,2015-6-19 00:00:00,903,669
624,356,143,877,150,17.400,15,405,112,686,712,60,23,2,2015-3-25 00:00:00,152,455
438,107,878,724,981,11.970,15,159,376,582,684,29,582,2,2015-1-25 00:00:00,308,596
454,544,230,48,732,2.010,12,704,220,538,850,73,412,6,2015-4-16 00:00:00,206,171
509,680,285,523,317,10.340,14,555,937,256,766,78,951,8,2015-6-20 00:00:00,289,669
489,483,321,181,761,11.030,7,854,691,407,494,38,691,9,2015-5-21 00:00:00,769,162
440,19,18,610,782,9.010,5,813,87,423,661,14,46,9,2015-5-1 00:00:00,956,97
663,281,430,90,843,3.190,19,949,273,737,742,62,619,8,2015-4-19 00:00:00,250,648
18,395,496,65,433,3.280,9,615,799,714,673,52,692,4,2015-2-4 00:00:00,80,784
213,274,455,917,315,11.020,17,997,145,24,431,30,823,5,2015-7-24 00:00:00,243,864
136,182,654,523,668,2.670,14,570,615,856,852,11,896,3,2015-7-12 00:00:00,307,269
84,15,520,970,256,10.580,6,51,362,904,247,16,263,2,2015-1-18 00:00:00,595,31
730,810,352,888,110,8.100,10,261,503,402,874,40,497,7,2015-4-1 00:00:00,573,744
488,328,174,682,206,10.970,6,483,810,431,823,45,618,6,2015-5-6 00:00:00,156,594
499,425,829,372,228,18.200,11,901,297,533,311,49,37,5,2015-2-5 00:00:00,140,507
510,920,369,115,763,15.820,17,628,713,406,217,29,28,9,2015-1-17 00:00:00,779,558
957,156,163,774,298,1.340,6,939,51,284,204,65,709,2,2015-5-8 00:00:00,698,692
831,984,656,914,622,7.440,19,577,551,971,231,14,359,3,2015-3-30 00:00:00,772,831
475,665,623,610,713,19.810,3,711,862,769,225,93,768,9,2015-3-5 00:00:00,300,708
920,485,954,296,720,8.840,7,355,415,711,753,46,349,7,2015-5-16 00:00:00,530,975
452,535,568,672,169,9.300,3,691,300,366,401,38,221,2,2015-2-10 00:00:00,873,481
82,984,63,446,568,14.810,13,602,498,287,342,69,375,5,2015-5-25 00:00:00,999,101
116,391,749,939,802,18.630,20,768,849,73,581,11,676,5,2015-3-9 00:00:00,987,877
232,462,293,327,346,8.800,4,768,621,620,596,51,878,6,2015-5-30 00:00:00,253,50
660,924,867,765,685,4.590,16,521,934,878,427,65,796,2,2015-5-24 00:00:00,519,397
507,414,887,757,319,4.530,20,64,53,227,993,46,192,4,2015-5-27 00:00:00,654,232
292,724,127,781,510,17.570,1,719,670,860,465,99,241,5,2015-6-11 00:00:00,362,966
603,985,105,663,590,15.400,10,878,845,840,970,58,489,8,2015-4-9 00:00:00,885,231
539,506,713,932,653,19.700,8,707,389,421,893,48,940,6,2015-4-20 00:00:00,386,903
899,94,820,269,824,5.470,19,248,770,506,833,83,212,6,2015-8-1 00:00:00,193,46
396,488,677,13,71,15.710,14,44,588,621,599,45,584,6,2015-2-9 00:00:00,511,732
488,486,429,87,755,18.500,16,496,596,487,457,47,989,7,2015-1-29 00:00:00,120,552
607,678,219,789,736,13.840,11,894,424,357,568,50,548,7,2015-5-12 00:00:00,883,484
867,805,252,793,936,17.280,16,781,225,696,154,26,826,4,2015-8-4 00:00:00,104,354
653,514,645,174,212,16.670,10,99,252,580,436,98,310,8,2015-6-12 00:00:00,258,66
996,568,290,382,329,19.930,13,844,952,604,361,66,482,1,2015-4-11 00:00:00,443,313
667,423,623,98,80,19.920,11,862,714,445,312,59,240,7,2015-2-14 00:00:00,764,783
298,189,230,881,810,4.730,6,263,797,315,904,95,731,7,2015-6-2 00:00:00,865,288
348,524,612,387,180,6.430,18,510,210,278,938,21,205,1,2015-3-26 00:00:00,268,546
279,519,640,105,630,3.030,5,318,329,626,754,82,877,6,2015-2-5 00:00:00,441,311
890,45,56,845,568,11.860,10,298,373,121,412,49,333,4,2015-7-10 00:00:00,175,411
54,40,151,989,591,12.940,18,359,81,673,201,49,740,6,2015-6-5 00:00:00,719,841
213,572,435,762,566,15.470,14,505,468,503,542,28,761,6,2015-2-22 00:00:00,343,404
979,81,698,848,871,16.690,9,163,637,817,385,72,676,3,2015-1-26 00:00:00,358,985
327,962,797,850,446,19.330,8,507,673,677,334,48,473,1,2015-3-21 00:00:00,67,513
603,607,334,543,987,11.400,4,574,72,842,394,68,998,7,2015-3-8 00:00:00,747,109
630,129,879,828,107,10.110,4,639,408,11,574,39,177,7,2015-3-22 00:00:00,320,946
782,608,890,922,535,19.240,8,424,915,436,29,45,757,2,2015-3-26 00:00:00,494,951
106,774,847,919,283,5.350,19,331,292,61,800,98,100,5,2015-1-22 00:00:00,210,804
637,411,688,835,256,12.370,7,585,211,247,476,89,949,6,2015-2-22 00:00:00,615,397
821,382,14,131,553,7.910,6,124,451,263,819,24,165,1,2015-5-19 00:00:00,277,601
130,350,133,769,126,19.550,7,536,891,392,495,56,492,7,2015-3-6 00:00:00,467,231
476,938,87,652,420,7.990,19,360,568,686,755,10,79,9,2015-5-6 00:00:00,301,979
983,362,557,966,421,10.150,19,516,809,108,96,52,378,5,2015-4-23 00:00:00,179,647
185,821,804,326,809,19.190,15,398,735,320,86,13,442,4,2015-6-18 00:00:00,176,884
220,72,492,29,616,15.630,18,930,867,918,193,97,766,4,2015-2-25 00:00:00,335,896
745,161,746,69,872,19.770,4,203,885,887,238,76,768,9,2015-6-24 00:00:00,801,516
574,382,171,356,57,3.510,2,284,555,329,842,98,450,4,2015-7-21 00:00:00,691,596
946,660,757,326,688,13.070,13,617,710,584,481,77,75,1,2015-2-7 00:00:00,976,926
714,847,996,27,939,14.800,17,330,888,396,359,93,484,7,2015-7-10 00:00:00,979,94
156,158,387,448,868,10.210,4,398,837,166,908,28,893,3,2015-1-23 00:00:00,949,911
694,416,89,826,575,1.360,19,163,619,928,618,13,932,8,2015-5-20 00:00:00,317,626
411,457,797,323,904,15.310,18,332,642,451,881,97,477,5,2015-1-16 00:00:00,36,471
882,939,113,351,811,3.360,14,526,754,367,559,16,842,7,2015-3-22 00:00:00,946,754
509,814,284,929,421,8.880,8,300,725,731,267,79,802,1,2015-6-16 00:00:00,500,506
967,939,457,950,39,17.630,18,988,165,209,137,36,518,4,2015-3-23 00:00:00,171,888
806,68,317,776,139,7.010,4,638,396,975,731,43,958,8,2015-1-25 00:00:00,604,74
593,986,657,241,409,7.390,17,923,847,16,685,99,731,5,2015-3-8 00:00:00,739,61
242,687,523,213,143,4.380,1,292,46,188,272,96,723,9,2015-3-19 00:00:00,309,160
680,998,142,103,800,5.590,15,833,979,155,647,62,455,3,2015-7-15 00:00:00,900,149
560,789,612,547,893,12.080,19,811,528,874,168,65,557,3,2015-2-20 00:00:00,94,657
40,618,559,101,157,12.350,10,279,73,636,398,72,416,3,2015-6-3 00:00:00,478,639
787,391,769,207,902,11.090,7,600,144,217,759,62,551,5,2015-4-20 00:00:00,207,940
98,971,564,122,471,2.850,16,418,635,184,365,25,154,6,2015-5-1 00:00:00,886,577
328,510,631,644,631,19.720,17,599,686,370,494,97,835,1,2015-4-13 00:00:00,508,238
121,441,783,324,574,3.550,19,466,634,318,475,67,545,6,2015-6-9 00:00:00,81,204
821,549,518,453,284,1.960,16,348,141,222,808,19,367,6,2015-1-27 00:00:00,622,860
233,790,547,875,160,19.740,5,458,851,693,665,63,763,4,2015-7-6 00:00:00,952,606
870,705,979,95,163,13.510,11,881,988,250,528,50,427,2,2015-3-7 00:00:00,188,30
327,83,968,377,537,6.480,18,624,982,722,60,55,962,7,2015-8-11 00:00:00,359,919
670,348,885,567,388,16.180,12,626,355,258,568,29,257,2,2015-6-17 00:00:00,895,254
86,373,477,425,125,19.550,13,668,845,119,414,12,784,3,2015-5-13 00:00:00,659,662
66,539,949,609,163,13.700,10,411,75,432,316,58,62,1,2015-2-11 00:00:00,861,299
973,485,689,162,551,13.780,14,181,545,63,474,37,304,3,2015-5-2 00:00:00,127,712
422,317,51,902,807,12.950,13,266,609,472,827,31,179,9,2015-2-6 00:00:00,65,416
253,49,70,853,402,9.240,2,120,90,558,738,31,685,9,2015-3-12 00:00:00,295,234
148,172,219,388,892,4.150,7,174,149,206,526,87,843,2,2015-2-16 00:00:00,794,199
946,499,898,721,608,1.050,12,780,801,703,217,61,708,7,2015-3-2 00:00:00,103,836
436,935,844,580,855,12.440,14,132,376,24,494,71,492,5,2015-7-4 00:00:00,948,136
173,649,674,186,316,2.560,7,808,153,602,526,62,425,4,2015-5-15 00:00:00,690,886
233,709,989,833,490,9.310,13,161,166,816,613,92,732,6,2015-7-11 00:00:00,952,121
941,15,718,579,906,8.930,2,642,239,17,916,86,400,2,2015-6-25 00:00:00,367,646
164,208,283,945,994,6.720,18,940,161,589,1000,12,710,4,2015-3-23 00:00:00,453,79
132,32,743,131,650,5.760,16,579,374,793,889,78,795,9,2015-4-14 00:00:00,727,621
390,903,251,948,760,15.280,12,863,964,78,271,53,292,2,2015-3-7 00:00:00,430,345
684,553,816,939,908,15.680,3,217,210,812,828,57,676,6,2015-4-1 00:00:00,615,330
286,184,495,272,461,4.670,8,493,640,593,259,90,702,2,2015-6-2 00:00:00,732,75
837,983,725,821,470,13.850,17,415,145,615,267,24,163,6,2015-7-9 00:00:00,195,950
300,734,668,412,575,17.760,17,364,295,804,651,70,122,5,2015-6-21 00:00:00,194,279
531,710,432,833,559,10.230,11,780,830,537,93,66,216,2,2015-4-20 00:00:00,310,473
463,866,392,237,261,14.270,9,524,320,939,260,13,380,8,2015-6-16 00:00:00,724,620
532,224,671,947,662,14.610,10,98,760,910,550,31,691,3,2015-7-2 00:00:00,70,449
165,24,25,14,114,14.400,3,592,607,163,944,92,766,4,2015-6-29 00:00:00,196,316
512,206,876,352,750,6.640,6,530,723,599,317,72,546,4,2015-4-19 00:00:00,701,219
646,122,24,438,493,4.570,6,116,244,422,969,17,135,4,2015-7-1 00:00:00,275,619
981,828,732,914,178,6.920,6,238,371,565,167,41,848,9,2015-5-11 00:00:00,407,68
353,456,381,506,446,11.220,9,440,255,430,371,54,268,8,2015-1-20 00:00:00,972,946
203,932,325,735,405,6.380,17,877,267,634,226,43,249,4,2015-8-8 00:00:00,313,935
646,677,42,906,332,13.370,9,142,475,235,680,66,509,9,2015-4-22 00:00:00,626,208
513,962,630,80,844,14.760,19,939,427,10,179,17,473,1,2015-3-20 00:00:00,682,893
183,950,66,497,289,3.960,7,47,73,760,875,49,183,1,2015-8-7 00:00:00,988,754
998,683,790,135,283,15.770,19,861,453,926,482,78,989,1,2015-7-8 00:00:00,633,107
546,245,260,695,627,6.070,17,708,441,142,447,84,442,6,2015-7-5 00:00:00,72,963
625,601,466,212,91,14.130,7,605,516,701,655,16,645,8,2015-7-6 00:00:00,965,327
943,61,172,90,899,7.700,5,980,432,278,869,39,946,5,2015-2-6 00:00:00,278,975
971,32,172,881,516,18.250,8,111,516,578,819,85,226,9,2015-2-26 00:00:00,579,735
261,117,765,201,910,15.570,15,680,113,278,970,77,663,1,2015-3-10 00:00:00,444,448
780,174,897,214,698,19.580,20,650,826,496,758,44,967,2,2015-3-20 00:00:00,872,971
173,34,463,565,161,1.790,16,170,958,171,718,66,21,4,2015-4-20 00:00:00,234,996
143,440,253,802,176,17.770,5,277,186,51,682,39,519,8,2015-5-2 00:00:00,267,928
834,98,679,185,19,10.770,4,486,534,893,446,95,929,7,2015-1-14 00:00:00,659,795
360,259,376,981,135,3.390,5,783,967,631,770,60,392,8,2015-3-9 00:00:00,734,429
29,646,835,907,81,8.460,9,389,795,420,692,44,586,6,2015-6-29 00:00:00,528,222
972,637,793,593,713,11.020,18,230,675,489,406,44,279,4,2015-4-27 00:00:00,844,197
758,684,67,78,509,11.590,18,573,253,701,617,55,130,9,2015-3-1 00:00:00,980,235
742,154,488,65,216,9.430,4,500,351,807,115,58,961,1,2015-6-18 00:00:00,579,634
455,530,222,898,333,15.860,15,520,650,559,641,23,816,3,2015-1-11 00:00:00,978,177
194,538,443,85,318,18.290,2,581,470,418,403,33,620,2,2015-2-3 00:00:00,721,425
625,708,707,608,422,18.960,14,605,500,990,686,72,571,8,2015-6-28 00:00:00,439,744
727,232,702,562,854,16.730,18,528,603,462,587,88,564,7,2015-6-18 00:00:00,482,205
702,608,297,97,859,11.210,5,689,375,972,660,65,323,1,2015-4-3 00:00:00,616,873
883,56,769,994,253,15.810,11,918,469,446,607,98,754,1,2015-3-26 00:00:00,504,629
424,212,351,237,605,15.820,13,902,190,827,128,67,177,1,2015-2-7 00:00:00,876,952
814,689,417,972,209,11.740,16,172,423,452,377,32,150,1,2015-2-24 00:00:00,864,36
410,931,292,735,914,8.210,2,783,620,596,727,52,897,7,2015-1-9 00:00:00,168,811
41,688,178,83,852,5.700,15,72,665,247,134,23,395,1,2015-3-26 00:00:00,943,845
650,843,19,54,159,2.570,10,663,467,311,97,76,436,9,2015-4-15 00:00:00,937,558
350,303,42,197,419,5.500,17,599,654,431,941,30,117,3,2015-7-21 00:00:00,690,57
491,682,873,306,376,2.000,7,628,400,908,410,24,863,9,2015-3-30 00:00:00,722,503
979,754,722,613,317,1.600,13,983,574,413,124,87,481,6,2015-5-24 00:00:00,190,796
865,272,420,739,177,15.040,10,505,181,601,757,44,836,3,2015-2-11 00:00:00,357,52
395,399,437,993,30,16.060,8,991,109,688,335,82,631,3,2015-3-19 00:00:00,655,162
605,436,241,123,823,5.830,14,991,808,890,378,21,187,9,2015-7-5 00:00:00,619,359
859,652,320,212,442,17.090,10,824,198,783,586,63,190,4,2015-5-5 00:00:00,589,722
426,140,27,187,840,12.520,8,390,365,545,818,59,418,2,2015-5-4 00:00:00,336,362
545,609,621,409,644,1.420,7,667,496,60,665,51,556,3,2015-2-23 00:00:00,880,724
793,369,780,313,748,17.120,10,85,54,257,121,25,891,6,2015-1-10 00:00:00,915,512
229,833,736,758,444,19.810,9,456,46,343,208,44,413,4,2015-1-29 00:00:00,17,247
218,622,58,888,980,6.130,11,676,421,221,283,23,789,4,2015-2-27 00:00:00,13,917
393,350,609,641,19,12.980,15,831,88,650,618,13,708,8,2015-6-13 00:00:00,876,163
708,336,245,634,914,13.230,15,793,575,747,249,13,814,3,2015-7-7 00:00:00,66,86
735,895,894,863,878,4.640,15,165,813,590,841,95,796,8,2015-5-4 00:00:00,690,688
503,982,457,712,39,4.410,3,937,97,450,414,76,883,5,2015-6-24 00:00:00,309,804
612,121,951,353,242,4.470,20,328,977,313,337,47,331,5,2015-4-14 00:00:00,420,740
904,739,746,661,742,2.580,20,553,486,607,160,26,359,3,2015-5-7 00:00:00,734,685
405,940,768,420,128,6.160,2,943,659,16,382,53,998,7,2015-1-18 00:00:00,694,620
867,600,943,825,744,19.830,14,520,335,554,751,25,669,5,2015-6-8 00:00:00,575,902
888,692,823,693,541,10.680,19,337,273,622,904,21,192,4,2015-4-28 00:00:00,484,774
623,959,249,129,236,18.430,10,419,467,273,373,65,240,2,2015-7-2 00:00:00,960,474
491,633,992,677,763,14.340,3,727,714,676,146,19,415,2,2015-1-19 00:00:00,46,463
632,540,842,642,545,17.270,10,566,111,670,543,41,549,3,2015-2-13 00:00:00,889,834
460,911,703,352,794,19.370,3,967,615,881,99,91,194,3,2015-7-15 00:00:00,339,199
701,770,129,873,880,2.080,17,352,99,176,703,99,840,2,2015-7-31 00:00:00,857,798
432,986,993,799,801,1.090,4,634,134,280,223,24,712,6,2015-5-24 00:00:00,507,726
282,475,849,586,40,11.930,15,722,340,610,803,33,776,2,2015-6-17 00:00:00,491,280
358,727,897,725,387,7.160,17,959,419,42,968,41,391,1,2015-2-1 00:00:00,79,832
607,975,703,996,738,18.360,2,424,971,648,145,22,962,5,2015-4-22 00:00:00,416,717
347,420,542,321,772,10.950,2,412,629,883,546,69,654,6,2015-6-28 00:00:00,793,672
96,308,769,479,299,9.030,16,412,329,842,130,99,70,7,2015-3-16 00:00:00,52,402
266,823,606,926,97,18.530,5,262,693,811,830,65,478,2,2015-6-15 00:00:00,866,659
111,64,489,100,653,17.000,9,798,349,637,588,53,706,2,2015-2-22 00:00:00,454,750
379,130,194,973,142,14.940,13,645,242,731,579,56,582,6,2015-7-8 00:00:00,851,938
793,645,541,255,857,17.120,2,454,641,677,771,12,805,6,2015-4-23 00:00:00,61,381
536,402,784,785,588,6.050,9,876,66,23,816,87,739,4,2015-4-8 00:00:00,525,915
306,479,314,904,423,16.360,3,930,145,567,675,89,135,2,2015-6-24 00:00:00,153,575
185,929,281,985,751,7.420,14,676,742,492,293,15,690,5,2015-3-15 00:00:00,149,638
340,626,589,531,746,15.700,16,586,590,328,910,44,605,6,2015-8-6 00:00:00,181,57
280,990,662,846,563,5.290,15,573,16,780,243,46,516,1,2015-3-16 00:00:00,776,788
131,232,188,564,722,2.330,10,633,184,693,448,80,958,9,2015-7-10 00:00:00,673,99
814,146,730,571,600,7.420,3,366,534,146,278,15,798,2,2015-1-8 00:00:00,720,415
465,529,615,106,993,14.270,14,910,63,803,385,67,562,8,2015-7-14 00:00:00,586,976
954,329,989,107,171,15.850,15,437,450,958,76,92,508,6,2015-8-9 00:00:00,649,664
808,64,697,699,982,11.080,10,13,74,385,190,24,344,5,2015-4-14 00:00:00,758,679
685,784,350,214,708,12.640,15,326,698,415,168,15,770,5,2015-1-24 00:00:00,409,980
967,546,75,484,146,6.780,6,527,709,706,492,87,36,4,2015-6-9 00:00:00,182,794
190,426,375,407,424,18.130,2,697,561,528,477,98,766,1,2015-3-11 00:00:00,317,608
511,974,297,711,1000,5.190,14,146,79,822,647,30,519,7,2015-6-3 00:00:00,413,47
96,854,91,68,976,6.120,3,181,811,636,27,57,830,5,2015-6-2 00:00:00,543,893
519,15,274,154,113,10.040,13,820,713,666,893,10,280,7,2015-6-7 00:00:00,516,566
426,911,221,956,198,16.750,5,894,586,706,343,50,704,9,2015-5-19 00:00:00,707,982
809,71,966,764,842,5.560,7,976,770,898,574,53,972,3,2015-7-12 00:00:00,798,997
462,982,81,890,496,18.750,16,58,400,995,987,39,368,9,2015-5-1 00:00:00,801,538
835,820,70,732,938,8.610,4,177,535,128,655,62,227,5,2015-5-25 00:00:00,57,734
286,991,644,282,550,8.200,3,509,524,682,794,46,837,3,2015-6-13 00:00:00,326,637
30,839,53,635,833,8.370,17,756,363,975,547,69,475,6,2015-2-19 00:00:00,157,648
866,61,324,852,118,11.270,19,518,366,67,896,21,728,8,2015-7-13 00:00:00,411,291
611,748,718,514,63,17.940,11,172,272,834,623,59,315,2,2015-7-28 00:00:00,705,287
902,594,952,323,553,14.680,10,519,941,896,403,96,956,7,2015-7-21 00:00:00,77,478
534,848,399,616,301,9.840,16,549,193,531,563,27,139,8,2015-2-9 00:00:00,467,17
21,413,367,101,55,10.460,10,974,269,304,782,15,370,1,2015-2-12 00:00:00,42,842
770,613,221,127,358,4.420,2,919,595,959,113,50,498,1,2015-1-14 00:00:00,86,552
55,20,746,61,929,4.440,11,511,20,155,836,63,425,2,2015-3-27 00:00:00,956,121
329,723,500,629,998,15.360,13,474,236,18,64,88,887,6,2015-4-26 00:00:00,160,605
55,673,693,146,456,7.510,13,863,294,765,988,60,686,6,2015-2-4 00:00:00,339,312
159,711,833,936,248,3.030,1,817,252,151,939,11,865,6,2015-7-18 00:00:00,832,56
424,865,176,892,738,12.510,10,469,975,235,914,81,763,1,2015-1-23 00:00:00,231,493
125,436,419,690,851,6.840,7,651,64,865,238,64,54,3,2015-6-13 00:00:00,856,512
513,314,249,352,931,13.790,7,823,802,567,116,44,277,5,2015-5-5 00:00:00,776,446
308,323,420,46,69,12.850,11,854,377,948,473,94,984,7,2015-7-24 00:00:00,297,900
891,711,433,421,314,15.410,18,622,495,452,57,90,405,9,2015-1-27 00:00:00,528,279
865,70,953,170,485,4.820,10,204,123,145,561,83,930,5,2015-5-5 00:00:00,310,508
416,917,765,37,108,2.880,6,564,631,310,907,36,72,9,2015-8-4 00:00:00,562,948
809,603,885,387,606,3.810,6,387,1000,437,942,91,579,9,2015-7-30 00:00:00,311,462
792,153,988,425,523,8.290,14,506,643,299,417,78,769,9,2015-1-26 00:00:00,186,858
524,345,11,515,828,6.710,11,584,680,453,887,76,338,3,2015-7-25 00:00:00,231,83
797,789,193,618,108,1.230,2,209,288,434,401,76,965,4,2015-7-3 00:00:00,389,590
710,633,903,366,502,16.020,14,873,240,239,714,93,912,1,2015-4-18 00:00:00,370,964
768,236,179,816,599,11.540,10,671,338,287,187,43,803,1,2015-3-16 00:00:00,834,470
598,797,188,714,679,12.600,19,816,693,375,333,19,795,1,2015-7-23 00:00:00,565,42
989,765,316,785,617,2.630,8,729,206,280,503,97,806,3,2015-4-12 00:00:00,675,716
537,683,375,517,663,13.890,8,863,686,134,976,35,80,8,2015-4-13 00:00:00,776,381
512,630,312,689,510,16.420,7,598,578,337,357,56,868,8,2015-2-11 00:00:00,436,266
